100, -1025684.8792, 20, 0.522720321176645, 2468718.6303, -0.502877592073622
110, -1049847.1478, 20, 0.473281461744945, 2468718.6303, -0.547710991940005
120, -1005471.3899, 20, 0.560717217236963, 2468718.6303, -0.462391458203396
130, -1023086.2848, 20, 0.526033090316933, 2468718.6303, -0.495961530688033
140, -988619.5698, 20, 0.592175281681252, 2468718.6303, -0.43884270146712
150, -935151.2233, 20, 0.686647759805237, 2468718.6303, -0.349362549850567
160, -898082.6412, 20, 0.748427496660941, 2468718.6303, -0.294806852184999
170, -805178.6999, 20, 0.885688640749086, 2468718.6303, -0.170929111729711
180, -938063.8937, 20, 0.680372037538668, 2468718.6303, -0.350340470784053
190, -883884.093, 20, 0.768623456724139, 2468718.6303, -0.270706287762275
200, -881485.5057, 20, 0.771752257697836, 2468718.6303, -0.26493681789814
210, -841186.9577, 20, 0.832222553066958, 2468718.6303, -0.214535921561517
220, -787035.9436, 20, 0.907560977596392, 2468718.6303, -0.140987190584349
230, -642626.921, 20, 1.08239997931622, 2468718.6303, 1.13776849209731E-02
240, -759586.5287, 20, 0.943668308736786, 2468718.6303, -0.113723584204839
250, -789101.402, 20, 0.903384719540122, 2468718.6303, -0.137970323934143
260, -788820.3035, 20, 0.9039936036655, 2468718.6303, -0.139016020091301
270, -686795.0665, 20, 1.03129514812682, 2468718.6303, -0.025814461257323
280, -578882.4332, 20, 1.14702750502977, 2468718.6303, 0.07803017602981
290, -749737.926, 20, 0.954182544387205, 2468718.6303, -0.100417747951899
300, -821224.074, 20, 0.857088781384144, 2468718.6303, -0.182392677105605
310, -673632.6197, 20, 1.04445486942233, 2468718.6303, -6.66133897922753E-03
320, -658131.5103, 20, 1.06221691672189, 2468718.6303, 1.20124109634577E-02
330, -609624.2612, 20, 1.11486932317892, 2468718.6303, 0.048631277720719
340, -635791.8478, 20, 1.08559299537437, 2468718.6303, 2.93171396510692E-02
350, -771096.1474, 20, 0.923688015356706, 2468718.6303, -0.118365009657898
360, -464449.1343, 20, 1.25129491222027, 2468718.6303, 0.181418057707134
370, -229220.0976, 20, 1.43093000396953, 2468718.6303, 0.320616660702124
380, -620138.1771, 20, 1.10094600950413, 2468718.6303, 4.96414638857549E-02
390, -367437.3658, 20, 1.3302759448376, 2468718.6303, 0.252356382967596
400, -549058.8043, 20, 1.17320380074395, 2468718.6303, 0.114163363616448
410, -421559.0119, 20, 1.28701757875396, 2468718.6303, 0.214147451689968
420, -370664.7504, 20, 1.32647660143086, 2468718.6303, 0.256421454043722
430, -384090.7804, 20, 1.31616648169232, 2468718.6303, 0.248964685747231
440, -182965.4638, 20, 1.45824401245399, 2468718.6303, 0.367836618675031
450, -332754.6025, 20, 1.35492970361717, 2468718.6303, 0.285269195020642
460, -255404.4175, 20, 1.41119576240552, 2468718.6303, 0.322425141925855
470, -300348.3327, 20, 1.37932592425674, 2468718.6303, 0.296262357366668
480, -377297.6713, 20, 1.32139084680681, 2468718.6303, 0.249448503911394
490, -457290.6223, 20, 1.25465227535446, 2468718.6303, 0.197028776405277
500, 78047.5334, 19, 1.6040174316022, 2468718.6303, 0.486508058358815
510, -152917.7268, 20, 1.4759355479981, 2468718.6303, 0.388019635946576
520, -331442.8799, 20, 1.35552419155593, 2468718.6303, 0.279276882674664
530, -46539.3512, 20, 1.53783524430751, 2468718.6303, 0.447146602061699
540, 155760.1748, 18, 1.6392983902805, 2468718.6303, 0.528563261825654
550, -215222.9925, 20, 1.43612725650737, 2468718.6303, 0.352596958454503
560, -329386.3088, 20, 1.35556643835726, 2468718.6303, 0.285642861081678
570, -117594.9719, 20, 1.49652870335757, 2468718.6303, 0.415424816549503
580, -216626.6802, 20, 1.43405198966026, 2468718.6303, 0.359093248276456
590, -170028.0821, 20, 1.46460127658922, 2468718.6303, 0.381434363103091
600, 177670.5232, 17, 1.64906893533425, 2468718.6303, 0.544951583159147
610, -299502.1009, 20, 1.37719924596873, 2468718.6303, 0.313468032282739
620, -213667.9536, 20, 1.43459174908984, 2468718.6303, 0.365877389643121
630, 58654.6257, 19, 1.59145842855826, 2468718.6303, 0.500217964745734
640, 219592.8947, 17, 1.66761946408849, 2468718.6303, 0.555910250470045
650, -122803.8939, 20, 1.49113834404105, 2468718.6303, 0.416842218017204
660, -285099.2512, 20, 1.38532469439338, 2468718.6303, 0.319066900904886
670, 172306.998, 17, 1.64450208153318, 2468718.6303, 0.549443939019898
680, -5844.6168, 20, 1.55719937630612, 2468718.6303, 0.472434624489654
690, 233736.1892, 17, 1.67264018747965, 2468718.6303, 0.570010942493564
700, -8220.6414, 20, 1.5553730160595, 2468718.6303, 0.473318314984024
710, 86051.4841, 18, 1.60542399985201, 2468718.6303, 0.500025260407731
720, 355020.0933, 16, 1.72155444237698, 2468718.6303, 0.606822187858888
730, -93030.1657, 20, 1.50749574669809, 2468718.6303, 0.434436449555221
740, 382200.1533, 15, 1.73084842901949, 2468718.6303, 0.634231883507685
750, 196089.3763, 16, 1.65409619459974, 2468718.6303, 0.569299615006736
760, -184888.6757, 20, 1.45164353131474, 2468718.6303, 0.380702401005198
770, 536915.9603, 14, 1.78687316381288, 2468718.6303, 0.672568654945567
780, 245425.2178, 17, 1.67602146019682, 2468718.6303, 0.57961563214985
790, 85707.5115, 18, 1.60349097847575, 2468718.6303, 0.520072647777492
800, 475371.7447, 15, 1.76595346937984, 2468718.6303, 0.647469711224989
810, 468064.9795, 14, 1.76170721133576, 2468718.6303, 0.663677307906741
820, -119834.6225, 20, 1.48883531164237, 2468718.6303, 0.413355812283692
830, 825878.3413, 13, 1.87400325327294, 2468718.6303, 0.74925687470924
840, 173616.548, 17, 1.6436024147422, 2468718.6303, 0.558202827891972
850, 436275.2937, 15, 1.75062591174675, 2468718.6303, 0.652113501852124
860, 627264.2373, 13, 1.81491797608886, 2468718.6303, 0.705969833497931
870, 265172.9425, 15, 1.68299278629015, 2468718.6303, 0.598943425265131
880, 2683.2449, 19, 1.55967553518896, 2468718.6303, 0.484489717556679
890, 633024.4532, 13, 1.81663448664054, 2468718.6303, 0.712707942232843
900, 122119.1481, 17, 1.61769578441179, 2468718.6303, 0.542826228031749
910, 33179.0984, 19, 1.5747816758063, 2468718.6303, 0.497398074128361
920, 708600.153, 12, 1.83941982493408, 2468718.6303, 0.729541736993444
930, 481814.575, 14, 1.76649909563177, 2468718.6303, 0.672017692740804
940, 338927.5648, 15, 1.71277584009698, 2468718.6303, 0.619220209660857
950, 954627.7924, 11, 1.90617693166928, 2468718.6303, 0.793346605771668
960, 810777.5703, 12, 1.86878645397359, 2468718.6303, 0.75651508805814
970, 347375.2209, 14, 1.71525442056126, 2468718.6303, 0.633493371946626
980, 696713.011, 11, 1.83460636591752, 2468718.6303, 0.732199860628917
990, 166729.1541, 16, 1.63834607099946, 2468718.6303, 0.563708049568197
1000, 1301482.3333, 11, 1.98481481945977, 2468718.6303, 0.838223056952409
1010, 952840.3231, 11, 1.90550164319994, 2468718.6303, 0.792502553736799
1020, 340464.2006, 14, 1.7131184981153, 2468718.6303, 0.625313523160367
1030, 257035.5739, 15, 1.67802240467083, 2468718.6303, 0.597922481555003
1040, 1178066.9284, 10, 1.957917018016, 2468718.6303, 0.838456661557866
1050, 642780.7309, 13, 1.81845117676507, 2468718.6303, 0.719138496967487
1060, 534065.511, 13, 1.78276905320551, 2468718.6303, 0.693589403421856
1070, 794314.1909, 11, 1.86262455211016, 2468718.6303, 0.762547686689583
1080, 961815.6296, 11, 1.90747943140943, 2468718.6303, 0.794724232432866
1090, 689172.7445, 12, 1.83210532135911, 2468718.6303, 0.740435963169609
1100, 1334604.9623, 10, 1.99045113354928, 2468718.6303, 0.861109520337652
1110, 532881.2584, 12, 1.78094851336898, 2468718.6303, 0.688721903857941
1120, 898428.8754, 11, 1.89061378407516, 2468718.6303, 0.7834359490773
1130, 1161618.984, 10, 1.95376651177731, 2468718.6303, 0.842253418520171
1140, 1455004.4039, 10, 2.01365684114832, 2468718.6303, 0.878584421817915
1150, 422472.9445, 13, 1.74210044626067, 2468718.6303, 0.660029013149636
1160, 1206670.0149, 10, 1.96384016432286, 2468718.6303, 0.848026476946972
1170, 763405.9937, 11, 1.85270339632399, 2468718.6303, 0.766919226216907
1180, 1147577.2174, 10, 1.95087210194454, 2468718.6303, 0.832816037295517
1190, 959515.6949, 10, 1.90527235839582, 2468718.6303, 0.809928248068474
1200, 967485.6532, 11, 1.90806824565821, 2468718.6303, 0.79909848422024
1210, 1207480.6984, 10, 1.963193141975, 2468718.6303, 0.852650394338429
1220, 1312788.1473, 9, 1.98498086090084, 2468718.6303, 0.87421935799512
1230, 612462.7075, 11, 1.80610464656888, 2468718.6303, 0.724667946953489
1240, 1404333.0333, 9, 2.00301459716462, 2468718.6303, 0.889374125459262
1250, 749870.3649, 10, 1.84707778664315, 2468718.6303, 0.760473908420647
1260, 2074177.8973, 9, 2.11103411606347, 2468718.6303, 0.965564021656441
1270, 504969.7841, 11, 1.77032265317307, 2468718.6303, 0.693596496498121
1280, 1476952.2184, 9, 2.01675914220078, 2468718.6303, 0.895625495222271
1290, 625358.1073, 11, 1.81039674168105, 2468718.6303, 0.727219037958979
1300, 1494859.9352, 8, 2.01860548866941, 2468718.6303, 0.914700523750854
1310, 1139589.0109, 9, 1.94695725668688, 2468718.6303, 0.846319411819987
1320, 930566.7092, 10, 1.89818819237528, 2468718.6303, 0.799901442492241
1330, 1271396.7572, 9, 1.97590876505866, 2468718.6303, 0.873054098467929
1340, 1604463.3398, 9, 2.03875233490402, 2468718.6303, 0.922083479835008
1350, 655800.1994, 10, 1.81835392677536, 2468718.6303, 0.732707363008311
1360, 1177673.8165, 9, 1.9556500983615, 2468718.6303, 0.853100306903116
1370, 1703734.9216, 8, 2.05492374971423, 2468718.6303, 0.938968310857796
1380, 1165947.3935, 9, 1.95300810711762, 2468718.6303, 0.850056132707933
1390, 1445552.3373, 8, 2.00970408820297, 2468718.6303, 0.903052660381775
1400, 1356087.5277, 8, 1.99227868792206, 2468718.6303, 0.889429874531302
1410, 1809770.9226, 8, 2.07157701197262, 2468718.6303, 0.95469256076226
1420, 1291824.4233, 8, 1.97921121064547, 2468718.6303, 0.884545351356447
1430, 974350.1718, 9, 1.90720908087409, 2468718.6303, 0.820994556041413
1440, 2141951.5799, 8, 2.11880696854536, 2468718.6303, 0.989938425061566
1450, 1746687.659, 8, 2.06191358946044, 2468718.6303, 0.947945677812027
1460, 1496201.5314, 8, 2.01918134155185, 2468718.6303, 0.910689043381314
1470, 1123206.4931, 9, 1.94269659532514, 2468718.6303, 0.847301833577798
1480, 1087393.1073, 8, 1.93388419174357, 2468718.6303, 0.839339100440126
1490, 1799251.4505, 8, 2.069503642718, 2468718.6303, 0.959968210660666
1500, 1550404.1232, 8, 2.02821604309601, 2468718.6303, 0.923203814519303
1510, 1961834.2039, 7, 2.09366142080099, 2468718.6303, 0.978734374574764
1520, 1471262.7175, 8, 2.01434428616935, 2468718.6303, 0.913172903987931
1530, 1990695.304, 7, 2.09779369594442, 2468718.6303, 0.980746158292289
1540, 2307269.0748, 7, 2.13911996072469, 2468718.6303, 1.00857821460643
1550, 1585286.9683, 7, 2.03364110305147, 2468718.6303, 0.932474025545219
1560, 1506907.761, 8, 2.02046989170242, 2468718.6303, 0.917804280796918
1570, 1086634.024, 8, 1.93351875212499, 2468718.6303, 0.846939852815513
1580, 1310845.4845, 8, 1.98182669427353, 2468718.6303, 0.888736246879018
1590, 2008499.8732, 7, 2.10012436325145, 2468718.6303, 0.98301194021506
1600, 2119261.6187, 7, 2.11485011877211, 2468718.6303, 1.00208340947656
1610, 3431614.715, 6, 2.24682961997639, 2468718.6303, 1.10698124700193
1620, 1711112.2946, 8, 2.05620769474226, 2468718.6303, 0.937869930270006
1630, 1984358.9895, 7, 2.09646789842142, 2468718.6303, 0.985136357337169
1640, 1237491.9307, 8, 1.96717538624848, 2468718.6303, 0.878137026947699
1650, 802011.5236, 8, 1.85954086021908, 2468718.6303, 0.772110621065555
1660, 2270968.5228, 7, 2.13443755927891, 2468718.6303, 1.01595744958338
1670, 2218568.1293, 6, 2.12721117613474, 2468718.6303, 1.01571035857886
1680, 1322995.295, 7, 1.98420814100409, 2468718.6303, 0.888861081733926
1690, 1357735.6986, 7, 1.99087094938568, 2468718.6303, 0.897268113182591
1700, 2515179.9106, 6, 2.16201176550931, 2468718.6303, 1.04479753795173
1710, 1870507.2124, 7, 2.07952619447352, 2468718.6303, 0.974276354955623
1720, 2119340.5801, 7, 2.11451276340276, 2468718.6303, 1.00506471290584
1730, 2312118.6024, 6, 2.13883358753632, 2468718.6303, 1.01991793306379
1740, 1307071.1819, 7, 1.97960313342496, 2468718.6303, 0.890129121557848
1750, 3073672.7912, 6, 2.21740725018848, 2468718.6303, 1.0877653010443
1760, 2094281.5592, 6, 2.11093688167433, 2468718.6303, 1.00106512186767
1770, 1935781.3802, 7, 2.08935337717837, 2468718.6303, 0.986257487620275
1780, 1665532.8846, 7, 2.04729840561988, 2468718.6303, 0.945254366025792
1790, 2565040.8857, 6, 2.16770246587153, 2468718.6303, 1.0484996164419
1800, 2148393.8842, 7, 2.11862731707649, 2468718.6303, 1.00403597775292
1810, 2621398.9696, 6, 2.1733880264231, 2468718.6303, 1.05388987530536
1820, 2407735.2152, 6, 2.14997734569585, 2468718.6303, 1.03216233087603
1830, 2062913.1426, 6, 2.10592289302216, 2468718.6303, 1.00264033970154
1840, 1637413.4942, 7, 2.0416413845955, 2468718.6303, 0.94495690133473
1850, 2005091.9778, 6, 2.09810987884747, 2468718.6303, 0.991782009936505
1860, 2440388.5906, 6, 2.15267315535517, 2468718.6303, 1.04699641272089
1870, 2382429.7261, 6, 2.14641917710645, 2468718.6303, 1.03844830052477
1880, 2565123.5376, 6, 2.16738804107825, 2468718.6303, 1.0447063729615
1890, 2294739.8587, 6, 2.13593148465219, 2468718.6303, 1.03314556849265
1900, 2747545.031, 6, 2.18649235541886, 2468718.6303, 1.06596774046049
1910, 3626054.1652, 5, 2.26077609913802, 2468718.6303, 1.12918550211525
1920, 1762619.2988, 7, 2.06205423244355, 2468718.6303, 0.958211681903475
1930, 2458451.075, 6, 2.15534816623367, 2468718.6303, 1.04638980342359
1940, 3854020.8284, 6, 2.27645318913697, 2468718.6303, 1.13650918180537
1950, 2656151.8492, 6, 2.17652428842802, 2468718.6303, 1.06834384413951
1960, 1821523.1934, 6, 2.07025731061357, 2468718.6303, 0.976394854044065
1970, 2695337.726, 6, 2.18026473361176, 2468718.6303, 1.06928717968476
1980, 3555073.7884, 6, 2.25598176367912, 2468718.6303, 1.11515888081134
1990, 3473448.9432, 5, 2.24924600835118, 2468718.6303, 1.12474881698901
2000, 2404591.0101, 5, 2.14811123354088, 2468718.6303, 1.04731343553589
2010, 1727446.6749, 6, 2.05549383301705, 2468718.6303, 0.960778162052568
2020, 1893729.376, 6, 2.08069721721165, 2468718.6303, 0.985544983440268
2030, 3320097.3878, 5, 2.23732021331969, 2468718.6303, 1.11227117207848
2040, 2201865.9393, 6, 2.12369352168752, 2468718.6303, 1.02527456093856
2050, 3460641.8626, 5, 2.24782105757404, 2468718.6303, 1.12797122769922
2060, 1202950.4532, 7, 1.95775749760854, 2468718.6303, 0.871951405221268
2070, 2212201.1626, 5, 2.1250035830171, 2468718.6303, 1.02486156452973
2080, 2343631.3904, 6, 2.14142228347966, 2468718.6303, 1.03858812542229
2090, 2758573.5836, 5, 2.18649640871445, 2468718.6303, 1.08216267819273
2100, 1605849.0803, 6, 2.03504150090308, 2468718.6303, 0.944094220642625
2110, 2852149.3141, 4, 2.19503973904207, 2468718.6303, 1.09323301104659
2120, 2800661.6568, 5, 2.19080899066302, 2468718.6303, 1.08135803509284
2130, 3981459.0473, 5, 2.28395505536227, 2468718.6303, 1.15994007392707
2140, 2689126.6697, 5, 2.17914453980624, 2468718.6303, 1.07730007186949
2150, 2283658.6414, 6, 2.13388355462971, 2468718.6303, 1.03422245612001
2160, 3968328.6207, 5, 2.28380453072316, 2468718.6303, 1.14381300599638
2170, 2995111.6386, 4, 2.20872809905071, 2468718.6303, 1.09704902819189
2180, 3615091.5802, 5, 2.25926828580018, 2468718.6303, 1.13724272482075
2190, 2970054.7795, 5, 2.20681929220201, 2468718.6303, 1.09506332038201
2200, 3739798.3003, 5, 2.26858862327279, 2468718.6303, 1.13816333969977
2210, 3669618.5264, 5, 2.26316962216534, 2468718.6303, 1.13967276801236
2220, 2757337.3933, 4, 2.1854734969702, 2468718.6303, 1.08634609124095
2230, 2804801.7839, 5, 2.19071992507443, 2468718.6303, 1.08812256291286
2240, 3161428.6498, 5, 2.22358875501299, 2468718.6303, 1.1059616793176
2250, 2702111.2349, 5, 2.18022682546336, 2468718.6303, 1.077573216131
2260, 2857430.5158, 5, 2.19594842032802, 2468718.6303, 1.08858878823313
2270, 3284975.3152, 5, 2.23425953670991, 2468718.6303, 1.11344392289841
2280, 4554406.9337, 4, 2.3174278579898, 2468718.6303, 1.18104409543853
2290, 2653272.6408, 5, 2.17534096541523, 2468718.6303, 1.075591585429
2300, 3874223.8509, 5, 2.27669559754535, 2468718.6303, 1.15672084211202
2310, 3090555.5537, 5, 2.21756264742074, 2468718.6303, 1.10255853551403
2320, 1677358.1277, 5, 2.04609210296127, 2468718.6303, 0.955559059061892
2330, 3100005.5159, 5, 2.21791990514834, 2468718.6303, 1.11219428629941
2340, 3696573.5549, 5, 2.26571627766456, 2468718.6303, 1.13164317422169
2350, 2606728.4187, 5, 2.1697688738871, 2468718.6303, 1.07148776963374
2360, 3696873.4829, 5, 2.26464266998402, 2468718.6303, 1.14888267159606
2370, 2598596.0087, 5, 2.1690450844735, 2468718.6303, 1.06928981052455
2380, 2757447.112, 4, 2.1852232455205, 2468718.6303, 1.08655639745641
2390, 2647645.463, 5, 2.17474161422364, 2468718.6303, 1.07077544650565
2400, 2423833.9196, 5, 2.14897662875841, 2468718.6303, 1.05249601876101
2410, 3680997.1759, 4, 2.26301201755353, 2468718.6303, 1.15515987179422
2420, 1840575.3482, 5, 2.07155150120386, 2468718.6303, 0.977798258524426
2430, 2004407.023, 5, 2.09646830754576, 2468718.6303, 1.00168063600118
2440, 2598315.7768, 5, 2.16860599184053, 2468718.6303, 1.06874614434199
2450, 4263446.7626, 4, 2.30112169604411, 2468718.6303, 1.17516349287595
2460, 3219296.1852, 5, 2.2278002978668, 2468718.6303, 1.12001865933455
2470, 2028326.202, 5, 2.09914738720492, 2468718.6303, 1.005690040548
2480, 4328884.2661, 4, 2.30411199281622, 2468718.6303, 1.18627582382871
2490, 4248066.1987, 5, 2.29985454737212, 2468718.6303, 1.17721634639353
2500, 2297194.8745, 4, 2.1336631106803, 2468718.6303, 1.03904302837667
2510, 2673209.8466, 5, 2.17690671672405, 2468718.6303, 1.07456517258666
2520, 3523973.4827, 4, 2.25162719647346, 2468718.6303, 1.14289113783679
2530, 4318126.939, 5, 2.30409497461185, 2468718.6303, 1.17821294808352
2540, 3526371.0543, 5, 2.25225524211705, 2468718.6303, 1.14019508586603
2550, 3926326.0019, 4, 2.27996659216447, 2468718.6303, 1.16238293142293
2560, 3092563.5742, 4, 2.21593687667828, 2468718.6303, 1.11834886018949
2570, 2639984.516, 5, 2.17352768506612, 2468718.6303, 1.07546724371685
2580, 3188909.2043, 4, 2.22435993564904, 2468718.6303, 1.12269557830404
2590, 5118984.9902, 4, 2.34478285713187, 2468718.6303, 1.2103858248936
2600, 3877051.0364, 4, 2.27606969468914, 2468718.6303, 1.16990184317743
2610, 5628060.9806, 4, 2.36610594373349, 2468718.6303, 1.22887962507036
2620, 3253350.0298, 4, 2.22981591000577, 2468718.6303, 1.13102832955207
2630, 3260194.5087, 4, 2.23087270897519, 2468718.6303, 1.12860590517674
2640, 4716900.2095, 4, 2.32498037939141, 2468718.6303, 1.20570457887025
2650, 4849008.5909, 4, 2.33174550918954, 2468718.6303, 1.20624461529236
2660, 3450296.5774, 4, 2.2463521683777, 2468718.6303, 1.13737814567566
2670, 4287856.4971, 4, 2.30185078421778, 2468718.6303, 1.1827063130945
2680, 3183177.3174, 4, 2.22436787948277, 2468718.6303, 1.12067988703083
2690, 4337297.5983, 4, 2.30451146467377, 2468718.6303, 1.18853755566821
2700, 3863621.7506, 4, 2.27542784428977, 2468718.6303, 1.16371957506198
2710, 2946938.6776, 4, 2.20313121265734, 2468718.6303, 1.10496373883435
2720, 3147266.8376, 4, 2.22082769356684, 2468718.6303, 1.12275624906608
2730, 3955820.2567, 4, 2.28159048306012, 2468718.6303, 1.16640865193909
2740, 4159948.8608, 4, 2.29397785487346, 2468718.6303, 1.18463475538351
2750, 3906869.1827, 4, 2.2781809888209, 2468718.6303, 1.16901217743832
2760, 4165325.7315, 4, 2.2944706884116, 2468718.6303, 1.17969301548559
2770, 4414949.1185, 4, 2.30874680031093, 2468718.6303, 1.19684040302927
2780, 4560764.4823, 4, 2.31712946851929, 2468718.6303, 1.19571384322975
2790, 4010171.2895, 4, 2.28474284344938, 2468718.6303, 1.1759063310584
2800, 4410392.4075, 4, 2.30905552258987, 2468718.6303, 1.18612166244806
2810, 3632879.3185, 4, 2.25903174185573, 2468718.6303, 1.15594174510468
2820, 4111484.3755, 4, 2.29090639164522, 2468718.6303, 1.18372100881111
2830, 3546083.9382, 3, 2.25248479730264, 2468718.6303, 1.15204683894515
2840, 3242317.7826, 4, 2.22923452406577, 2468718.6303, 1.12614349072326
2850, 3904962.9375, 4, 2.27828558040179, 2468718.6303, 1.16649561743546
2860, 3228518.7767, 4, 2.22770190523486, 2468718.6303, 1.12581498681749
2870, 4843588.5502, 4, 2.33089221758901, 2468718.6303, 1.21499707470213
2880, 3635465.8532, 4, 2.25941504457373, 2468718.6303, 1.15309582961484
2890, 3180719.7571, 4, 2.22332707542184, 2468718.6303, 1.12518122225694
2900, 3185991.3097, 4, 2.22404896287107, 2468718.6303, 1.12238943287966
2910, 5225966.7292, 3, 2.34848333826579, 2468718.6303, 1.23246978026535
2920, 5347642.2039, 4, 2.35432714881613, 2468718.6303, 1.22804492435215
2930, 7006228.1663, 3, 2.4113753995733, 2468718.6303, 1.28412713464461
2940, 4189532.8877, 3, 2.295115871872, 2468718.6303, 1.19069514179279
2950, 4803794.4846, 4, 2.32883438618414, 2468718.6303, 1.21739781783464
2960, 2939109.9313, 4, 2.20186688716944, 2468718.6303, 1.10872982110797
2970, 3038325.6283, 3, 2.21073960011657, 2468718.6303, 1.11466243001668
2980, 3203839.4607, 3, 2.22501159229963, 2468718.6303, 1.1298490325627
2990, 5505200.8377, 4, 2.36060444856713, 2468718.6303, 1.23709389318122
3000, 3132249.3831, 4, 2.21957910117489, 2468718.6303, 1.12042403409735
3010, 3303249.5479, 4, 2.23358367269946, 2468718.6303, 1.13515934969806
3020, 3249092.8971, 3, 2.22897994518114, 2468718.6303, 1.13254897777034
3030, 5155594.1571, 4, 2.3456852485363, 2468718.6303, 1.22504136589279
3040, 3598161.6016, 3, 2.25567643400911, 2468718.6303, 1.15770668783477
3050, 4853226.4688, 3, 2.33092428237867, 2468718.6303, 1.22324192057453
3060, 3776662.4565, 4, 2.26880551957223, 2468718.6303, 1.16788235895627
3070, 4709467.5597, 4, 2.32445099678087, 2468718.6303, 1.20348032385849
3080, 4868218.9633, 3, 2.33191868769909, 2468718.6303, 1.22101881661399
3090, 4389800.0794, 3, 2.30731547026328, 2468718.6303, 1.19489470458882
3100, 4030356.2588, 4, 2.2858069655365, 2468718.6303, 1.17573404311858
3110, 4358548.0515, 3, 2.30516980351154, 2468718.6303, 1.19744605835171
3120, 4677947.7688, 3, 2.32240358356536, 2468718.6303, 1.21176141917506
3130, 3782463.2004, 4, 2.26979591462775, 2468718.6303, 1.16302621947246
3140, 4406406.6743, 3, 2.30763279432905, 2468718.6303, 1.20166920237365
3150, 4584891.8488, 3, 2.31711376402214, 2468718.6303, 1.21390931679881
3160, 5379252.1541, 3, 2.35503958333263, 2468718.6303, 1.23976669265984
3170, 5321910.9371, 3, 2.35208413017333, 2468718.6303, 1.24379709438273
3180, 5137234.5849, 3, 2.34426256382712, 2468718.6303, 1.23496761853631
3190, 2863919.352, 4, 2.1944638383553, 2468718.6303, 1.10159981597869
3200, 5300242.1298, 3, 2.35161430192472, 2468718.6303, 1.23793839976769
3210, 6506649.7898, 3, 2.39606588554891, 2468718.6303, 1.27660302067942
3220, 3510487.9388, 3, 2.24971973391586, 2468718.6303, 1.1504958060872
3230, 3833079.1038, 3, 2.27241920185986, 2468718.6303, 1.17137870974235
3240, 3662530.266, 3, 2.26027039826637, 2468718.6303, 1.16080781529993
3250, 4138634.7704, 3, 2.29193754650355, 2468718.6303, 1.18894328398098
3260, 3185960.2083, 3, 2.22272961450066, 2468718.6303, 1.12967906283098
3270, 4287277.1652, 3, 2.30062576172149, 2468718.6303, 1.19783078780635
3280, 4314191.029, 3, 2.30246613964441, 2468718.6303, 1.19670253899083
3290, 6846993.423, 3, 2.40695352623271, 2468718.6303, 1.27401145365732
3300, 5220757.2373, 3, 2.34798255314185, 2468718.6303, 1.23709348967769
3310, 4462360.0075, 3, 2.31067106247041, 2468718.6303, 1.2040158605692
3320, 5202938.7824, 3, 2.34659883169386, 2468718.6303, 1.24363760450829
3330, 4943241.0656, 3, 2.33518446375149, 2468718.6303, 1.2277885668844
3340, 4542437.0296, 3, 2.31494906138323, 2468718.6303, 1.20880305378599
3350, 3776186.6655, 3, 2.26794277399447, 2468718.6303, 1.17329936331532
3360, 4716133.5726, 3, 2.32378925410803, 2468718.6303, 1.21937708149546
3370, 4043506.945, 3, 2.28562903558789, 2468718.6303, 1.18740011122113
3380, 3729606.9585, 3, 2.26487593479993, 2468718.6303, 1.16589159234655
3390, 5392698.5448, 3, 2.35509525809809, 2468718.6303, 1.24615631864755
3400, 6674261.2786, 3, 2.40127391261167, 2468718.6303, 1.2812406229516
3410, 5231236.4889, 3, 2.34804407199452, 2468718.6303, 1.24153544519145
3420, 7260741.3442, 3, 2.41788802784426, 2468718.6303, 1.29927865260605
3430, 7054229.8051, 3, 2.41214290398922, 2468718.6303, 1.29412360298244
3440, 4634240.9637, 3, 2.31894372818384, 2468718.6303, 1.22184551260075
3450, 5111480.3039, 3, 2.34320714271465, 2468718.6303, 1.23251678602407
3460, 5110711.1748, 3, 2.34268020735514, 2468718.6303, 1.23647931673793
3470, 4700702.6358, 3, 2.32303012647129, 2468718.6303, 1.21919867435973
3480, 3821604.0522, 4, 2.27172573196464, 2468718.6303, 1.1715055139959
3490, 7900935.8885, 3, 2.43427568898733, 2468718.6303, 1.30296737944678
3500, 4745392.2908, 3, 2.32464151114735, 2468718.6303, 1.22511133572513
3510, 2365218.9059, 3, 2.13966624543525, 2468718.6303, 1.04351720145485
3520, 3020116.583, 3, 2.20736378262671, 2468718.6303, 1.11344545687391
3530, 5998515.1466, 3, 2.37862304183572, 2468718.6303, 1.26630599200118
3540, 5664376.9511, 3, 2.36615730666145, 2468718.6303, 1.25556307959635
3550, 3848582.5247, 3, 2.27295390432729, 2468718.6303, 1.17645550817318
3560, 4790541.4566, 3, 2.3273711893611, 2468718.6303, 1.22496447109044
3570, 6975308.7247, 3, 2.41001767072085, 2468718.6303, 1.29267578522556
3580, 5883955.0655, 3, 2.37476322310384, 2468718.6303, 1.25741669875048
3590, 6829539.7855, 3, 2.40585595083657, 2468718.6303, 1.2880274478145
3600, 4065999.7102, 3, 2.28693248789735, 2468718.6303, 1.18852148378735
3610, 5998789.3978, 3, 2.37890957488604, 2468718.6303, 1.26109007268422
3620, 4909495.64, 2, 2.33278432730269, 2468718.6303, 1.23390557063277
3630, 5932379.0931, 3, 2.3761474809848, 2468718.6303, 1.26688180498055
3640, 5822640.3046, 3, 2.37212331197133, 2468718.6303, 1.26253886005586
3650, 4321660.6608, 3, 2.30238642400878, 2468718.6303, 1.20154528694141
3660, 5965873.7367, 3, 2.37738326455499, 2468718.6303, 1.26125274099057
3670, 5631355.4683, 3, 2.36476155182229, 2468718.6303, 1.25583891225311
3680, 5386831.9639, 3, 2.35473573269961, 2468718.6303, 1.24696169740212
3690, 5110911.5405, 3, 2.34265703508922, 2468718.6303, 1.23518264075507
3700, 3976694.5594, 3, 2.28047505432205, 2468718.6303, 1.18481131886755
3710, 7106291.1306, 2, 2.4133780250153, 2468718.6303, 1.30120260341425
3720, 3914543.5846, 3, 2.27682425723332, 2468718.6303, 1.17977483905982
3730, 5193440.7298, 3, 2.34552531955327, 2468718.6303, 1.24923490685186
3740, 4843362.1575, 3, 2.32971197039758, 2468718.6303, 1.22979031233035
3750, 4210501.5862, 3, 2.29562136312028, 2468718.6303, 1.1985126729318
3760, 8087398.0899, 3, 2.43841192636391, 2468718.6303, 1.31338710796247
3770, 4948452.9348, 3, 2.33516676021569, 2468718.6303, 1.22950919834982
3780, 7556747.1607, 2, 2.42529800969278, 2468718.6303, 1.31095136986907
3790, 4921448.0081, 3, 2.33369074071576, 2468718.6303, 1.23198707119165
3800, 8113574.0633, 3, 2.43870478241449, 2468718.6303, 1.31931711874958
3810, 6544602.0403, 3, 2.39680110335522, 2468718.6303, 1.28613725695513
3820, 6439008.489, 3, 2.39355767179773, 2468718.6303, 1.28019077754157
3830, 4690977.391, 3, 2.32236914069036, 2468718.6303, 1.22181233137177
3840, 7265771.52, 2, 2.41768027686661, 2468718.6303, 1.3053415523783
3850, 5842573.3739, 3, 2.37285792118206, 2468718.6303, 1.2623049252887
3860, 7705221.5657, 3, 2.42922231871792, 2468718.6303, 1.31136271920471
3870, 5624233.5, 3, 2.36418580522109, 2468718.6303, 1.26011952353086
3880, 5133093.4739, 3, 2.34320117215219, 2468718.6303, 1.24032206447908
3890, 5338161.6701, 2, 2.35195027431693, 2468718.6303, 1.2529976563986
3900, 5124288.4678, 2, 2.34262523236722, 2468718.6303, 1.24374811154086
3910, 4015260.3668, 3, 2.28312854960112, 2468718.6303, 1.1873005834994
3920, 6894410.2237, 2, 2.407486309447, 2468718.6303, 1.29336301296692
3930, 6292895.7754, 3, 2.38846435473756, 2468718.6303, 1.28063462107182
3940, 5928346.3812, 3, 2.37559834093694, 2468718.6303, 1.2681858938457
3950, 8779801.1053, 2, 2.45280996428053, 2468718.6303, 1.33291765858804
3960, 7884375.6864, 3, 2.43358528150564, 2468718.6303, 1.31041934286639
3970, 5161553.6216, 3, 2.34461845852501, 2468718.6303, 1.24251680012004
3980, 3785705.719, 3, 2.26726434310368, 2468718.6303, 1.1755095173292
3990, 5886525.7641, 2, 2.37415176639811, 2468718.6303, 1.26884629614296
4000, 7949458.4331, 2, 2.43477740985652, 2468718.6303, 1.3206388200549
4010, 4915305.0467, 2, 2.33262135349045, 2468718.6303, 1.23559003558883
4020, 6731021.5277, 2, 2.40248439476117, 2468718.6303, 1.29272714029463
4030, 6080505.2142, 2, 2.38096891056637, 2468718.6303, 1.27799463770973
4040, 6391324.3482, 3, 2.39160305354853, 2468718.6303, 1.28472949826265
4050, 6356134.6854, 3, 2.39094251150811, 2468718.6303, 1.27792477850262
4060, 5554598.5862, 3, 2.36122492955871, 2468718.6303, 1.25868120746614
4070, 9168231.144, 2, 2.46059263338637, 2468718.6303, 1.32937314437383
4080, 5486993.9808, 2, 2.3582065737446, 2468718.6303, 1.25759735551528
4090, 6547381.5159, 3, 2.39654237128666, 2468718.6303, 1.29009474466194
4100, 7123296.7693, 3, 2.41399059198782, 2468718.6303, 1.29973212229526
4110, 6170688.5702, 3, 2.38397124748721, 2468718.6303, 1.27962742296684
4120, 5996546.4547, 2, 2.37782969359965, 2468718.6303, 1.27665011251332
4130, 6007984.8434, 2, 2.37850299729029, 2468718.6303, 1.27455630956615
4140, 8123382.1431, 2, 2.43887167143034, 2468718.6303, 1.32174285161548
4150, 6730597.905, 2, 2.40236542584652, 2468718.6303, 1.29422690642878
4160, 6889866.2908, 2, 2.40687214955034, 2468718.6303, 1.30060760350508
4170, 6703889.0963, 2, 2.40128774259187, 2468718.6303, 1.29731706890285
4180, 7948388.6404, 2, 2.43473646825908, 2468718.6303, 1.32232603315038
4190, 6409993.1357, 2, 2.39234593096704, 2468718.6303, 1.28520215781479
4200, 8885040.1753, 2, 2.45478924795894, 2468718.6303, 1.33794885807952
4210, 6177216.3028, 2, 2.3842427962833, 2468718.6303, 1.28255659707887
4220, 5821399.5188, 2, 2.37156093542691, 2468718.6303, 1.26928889050293
4230, 4160388.6798, 3, 2.29146121597919, 2468718.6303, 1.197401826873
4240, 7681792.6217, 2, 2.42818962021487, 2468718.6303, 1.31826940046356
4250, 5444013.4162, 3, 2.35627383462377, 2468718.6303, 1.25700906125534
4260, 5515666.7481, 2, 2.35899082759679, 2468718.6303, 1.2632520779807
4270, 4605119.7434, 3, 2.31747845446596, 2468718.6303, 1.22017917890194
4280, 4438121.649, 2, 2.30782034301888, 2468718.6303, 1.21353834442904
4290, 5691893.7555, 3, 2.36661221176239, 2468718.6303, 1.26499878764057
4300, 7210600.6683, 2, 2.41604666592258, 2468718.6303, 1.3076657699611
4310, 8109441.3828, 2, 2.43857111876976, 2468718.6303, 1.32144333324795
4320, 8171763.4569, 2, 2.43964999637694, 2468718.6303, 1.32950441679707
4330, 4473150.5709, 2, 2.30959625079949, 2468718.6303, 1.21757265265125
4340, 7190484.9897, 2, 2.41529364827186, 2468718.6303, 1.31009314336185
4350, 9414337.3923, 2, 2.46468127029495, 2468718.6303, 1.34374747468532
4360, 4328462.848, 2, 2.30138950267585, 2468718.6303, 1.20826482026969
4370, 6546228.2723, 2, 2.39649214299974, 2468718.6303, 1.29359907730197
4380, 5847626.4013, 2, 2.37254095529559, 2468718.6303, 1.27093640627309
4390, 4725431.1209, 2, 2.32307041774133, 2468718.6303, 1.22903616831862
4400, 5806978.3712, 2, 2.37082969827764, 2468718.6303, 1.26929243821769
4410, 6948234.6558, 2, 2.4081810779782, 2468718.6303, 1.30735268084772
4420, 4652286.5447, 2, 2.31899485154692, 2468718.6303, 1.22576021408715
4430, 5289505.9442, 2, 2.34940584928642, 2468718.6303, 1.25512658890358
4440, 7388665.8795, 2, 2.42057675954637, 2468718.6303, 1.31585617610154
4450, 4855756.0584, 2, 2.32962011983515, 2468718.6303, 1.23632383363399
4460, 5888386.245, 2, 2.37325746242761, 2468718.6303, 1.27726432053592
4470, 5192080.2621, 2, 2.34523237945404, 2468718.6303, 1.25185602784026
4480, 7125361.3535, 2, 2.41351820611779, 2468718.6303, 1.30642855903811
4490, 6875595.8044, 2, 2.40657316305072, 2468718.6303, 1.30011061899333
4500, 5267430.5783, 2, 2.34838665372684, 2468718.6303, 1.253085326802
4510, 7603870.7, 2, 2.42589964244733, 2468718.6303, 1.32298445146958
4520, 7135309.4846, 2, 2.41386000849449, 2468718.6303, 1.3059688953034
4530, 6672461.1246, 2, 2.40029599289209, 2468718.6303, 1.29351343168948
4540, 6227291.0722, 2, 2.38579239391527, 2468718.6303, 1.28541662566984
4550, 6346145.6706, 2, 2.38985545680991, 2468718.6303, 1.28728120757016
4560, 7687502.9325, 2, 2.42809606506684, 2468718.6303, 1.32290863448773
4570, 6775327.2203, 2, 2.40357681486843, 2468718.6303, 1.29680186119001
4580, 4299569.2934, 2, 2.29929210436125, 2468718.6303, 1.20692907086089
4590, 6890761.1233, 2, 2.40673203298657, 2468718.6303, 1.30404334209498
4600, 6384860.1438, 2, 2.3911638724772, 2468718.6303, 1.28674234316589
4610, 8487937.2877, 2, 2.44660566190806, 2468718.6303, 1.33470364923136
4620, 7853655.5354, 2, 2.43196879040052, 2468718.6303, 1.32739665605719
4630, 7578629.3113, 2, 2.42545202983106, 2468718.6303, 1.31852764776416
4640, 10958585.9386, 2, 2.48849522736892, 2468718.6303, 1.37046419949441
4650, 12815417.3787, 2, 2.51108601319627, 2468718.6303, 1.38413933789493
4660, 8528599.5206, 2, 2.44752005224611, 2468718.6303, 1.33291825809512
4670, 6517294.602, 2, 2.39523375624559, 2468718.6303, 1.29404425994948
4680, 9101388.7556, 2, 2.45844840574555, 2468718.6303, 1.34924934332255
4690, 6494986.4101, 2, 2.39438961572165, 2468718.6303, 1.29648552949205
4700, 5906799.5262, 2, 2.37436699914482, 2468718.6303, 1.27369400549923
4710, 6968584.3141, 2, 2.40915931945182, 2468718.6303, 1.30431608376277
4720, 7606539.0557, 2, 2.42628025238731, 2468718.6303, 1.31790266247463
4730, 7178080.0553, 2, 2.41448872085172, 2468718.6303, 1.31622980124083
4740, 8932065.7635, 2, 2.45513143860023, 2468718.6303, 1.34557198016585
4750, 6430329.3456, 2, 2.39231898630137, 2468718.6303, 1.29376086974017
4760, 7562789.5474, 2, 2.42519320649897, 2468718.6303, 1.31689111929988
4770, 5308805.0463, 2, 2.3501821748037, 2468718.6303, 1.25654683937706
4780, 5069262.4655, 2, 2.33920064014376, 2468718.6303, 1.24616259374463
4790, 7203142.8268, 2, 2.41528779313422, 2468718.6303, 1.31347418267176
4800, 6021186.91, 2, 2.37834309963249, 2468718.6303, 1.27909181700865
4810, 7352128.8806, 2, 2.41897754354505, 2468718.6303, 1.31642025214949
4820, 8939157.5162, 2, 2.45499113554096, 2468718.6303, 1.35377174315516
4830, 8335712.827, 2, 2.44307932960493, 2468718.6303, 1.33678198300449
4840, 6273910.6346, 2, 2.38687915697235, 2468718.6303, 1.28727434988448
4850, 4703204.1345, 2, 2.32120719200788, 2468718.6303, 1.22930516719014
4860, 9122953.7517, 2, 2.45915647915872, 2468718.6303, 1.34496145593337
4870, 8205892.122, 2, 2.44031669399813, 2468718.6303, 1.33111403024199
4880, 9531351.3378, 2, 2.46634170751966, 2468718.6303, 1.35130149612143
4890, 7260331.6263, 2, 2.41681443257236, 2468718.6303, 1.3132666065075
4900, 10085332.5534, 2, 2.47564797036654, 2468718.6303, 1.359205141894
4910, 7747503.9741, 2, 2.42952853985554, 2468718.6303, 1.32472145252931
4920, 5572308.0212, 2, 2.36073806081499, 2468718.6303, 1.26808455477201
4930, 10624234.1118, 2, 2.4837421273519, 2468718.6303, 1.36981370894015
4940, 7346874.3652, 2, 2.41870813058696, 2468718.6303, 1.32280018677408
4950, 7824761.7968, 2, 2.43088413348678, 2468718.6303, 1.33072459931614
4960, 5631384.6489, 2, 2.36344487206561, 2468718.6303, 1.26953923922983
4970, 10263635.2464, 2, 2.4784899595003, 2468718.6303, 1.35820897943197
4980, 13150884.714, 2, 2.51440746076, 2468718.6303, 1.39197970507875
4990, 7057989.7083, 2, 2.41117118055557, 2468718.6303, 1.31041237491366
5000, 7265501.4183, 2, 2.41665027566478, 2468718.6303, 1.32061512408563
5010, 8264854.8197, 2, 2.44125976111436, 2468718.6303, 1.33794202078038
5020, 8413141.5443, 2, 2.44450209329988, 2468718.6303, 1.33968829447381
5030, 6487175.1338, 2, 2.3937929126701, 2468718.6303, 1.29667295343834
5040, 6416701.5298, 2, 2.39189223592233, 2468718.6303, 1.29295782489335
5050, 5693846.7804, 2, 2.36554158855142, 2468718.6303, 1.27252923440644
5060, 8119933.6146, 2, 2.43786055745555, 2468718.6303, 1.3373523680739
5070, 12475977.3333, 2, 2.50740284735322, 2468718.6303, 1.38320070980995
5080, 6753532.4294, 2, 2.40203942898222, 2468718.6303, 1.30580285214895
5090, 13938507.6286, 2, 2.5218617123504, 2468718.6303, 1.40067464732322
5100, 7973910.8157, 2, 2.43463439130437, 2468718.6303, 1.3343626848387
5110, 8406216.4268, 2, 2.44431118763267, 2468718.6303, 1.3409496038921
5120, 6980194.956, 2, 2.40898261686685, 2468718.6303, 1.30912549800829
5130, 5905752.2523, 2, 2.37365800456774, 2468718.6303, 1.27998831408575
5140, 8162516.8235, 2, 2.43900736700263, 2468718.6303, 1.33535390614723
5150, 6698064.8316, 2, 2.40048806676768, 2468718.6303, 1.30259935665351
5160, 9925705.3969, 1, 2.47267025970815, 2468718.6303, 1.37024912037805
5170, 8045188.816, 2, 2.43620874822569, 2468718.6303, 1.33328956780106
5180, 6564822.3211, 2, 2.39554001741017, 2468718.6303, 1.30620957150051
5190, 6724493.0021, 2, 2.40137143942463, 2468718.6303, 1.30473662572383
5200, 6225894.5088, 2, 2.38506601143518, 2468718.6303, 1.28856888526239
5210, 10633769.0406, 2, 2.48381598744368, 2468718.6303, 1.37349929693527
5220, 7989325.6955, 2, 2.43459631246487, 2468718.6303, 1.33576024132036
5230, 7390400.2992, 2, 2.42013602092697, 2468718.6303, 1.32094248926298
5240, 8654150.8431, 2, 2.44955306157402, 2468718.6303, 1.34652382711047
5250, 11652027.7179, 2, 2.49743537843694, 2468718.6303, 1.38744289789532
5260, 7030727.9982, 2, 2.41034965874992, 2468718.6303, 1.31283246283178
5270, 7528543.7431, 2, 2.42335780358423, 2468718.6303, 1.32578668574642
5280, 7585636.9209, 2, 2.4250930278574, 2468718.6303, 1.32669925376798
5290, 8104417.969, 2, 2.43791514511481, 2468718.6303, 1.33283212097016
5300, 7763500.0596, 2, 2.42959522431239, 2468718.6303, 1.33074984102324
5310, 8943415.4575, 2, 2.45523415375289, 2468718.6303, 1.35124630204436
5320, 10120638.4061, 2, 2.47598492672152, 2468718.6303, 1.36574915193903
5330, 8786019.4093, 2, 2.45220487121205, 2468718.6303, 1.34937673114102
5340, 5715353.8234, 2, 2.36627790204827, 2468718.6303, 1.27361146320621
5350, 7074508.0287, 2, 2.41109421362885, 2468718.6303, 1.31869611896544
5360, 6838475.8251, 2, 2.40448106348061, 2468718.6303, 1.30885062991337
5370, 7992664.99, 2, 2.43509097307854, 2468718.6303, 1.33346196323848
5380, 7381657.6477, 1, 2.41944415576336, 2468718.6303, 1.32512358684174
5390, 7094878.1554, 2, 2.41187497638158, 2468718.6303, 1.31556625441483
5400, 7595139.8264, 2, 2.42564525748799, 2468718.6303, 1.32172068480916
5410, 10223525.2006, 2, 2.47714815257774, 2468718.6303, 1.37534854725398
5420, 7895586.99, 2, 2.4327529034064, 2468718.6303, 1.33483914474251
5430, 6848037.4122, 2, 2.40496492290726, 2468718.6303, 1.30807507063545
5440, 8263751.9247, 2, 2.44108084748112, 2468718.6303, 1.34062687669409
5450, 6685877.5339, 2, 2.40045169169842, 2468718.6303, 1.3002825644076
5460, 7387103.6412, 2, 2.41971288844987, 2468718.6303, 1.3248766131778
5470, 9065577.9583, 2, 2.45724533446215, 2468718.6303, 1.35913080532894
5480, 8077584.6494, 1, 2.43676064109831, 2468718.6303, 1.33838147153394
5490, 7106496.1354, 2, 2.41209048961407, 2468718.6303, 1.31674521604271
5500, 8825603.1433, 2, 2.45265460780746, 2468718.6303, 1.35445203655065
5510, 9878513.0835, 2, 2.47167808317559, 2468718.6303, 1.36719467671871
5520, 13411362.1187, 2, 2.51687128552931, 2468718.6303, 1.40013800345556
5530, 9908117.7971, 2, 2.47217307780791, 2468718.6303, 1.36903235463093
5540, 10393169.9269, 2, 2.48005269378717, 2468718.6303, 1.3700449641162
5550, 7293588.9813, 2, 2.41722932693385, 2468718.6303, 1.32135725803408
5560, 8531121.6716, 2, 2.44676025358173, 2468718.6303, 1.34521432832067
5570, 7578717.3428, 2, 2.42456489273343, 2468718.6303, 1.33036211197769
5580, 9759411.7913, 2, 2.46967707673533, 2468718.6303, 1.36677509534083
5590, 8176588.9387, 2, 2.43897056318897, 2468718.6303, 1.34097179903867
5600, 9480979.746, 2, 2.46522529800367, 2468718.6303, 1.35886953149487
5610, 9455402.3454, 2, 2.46470597732034, 2468718.6303, 1.36053510084173
5620, 8104756.9508, 2, 2.43738298619112, 2468718.6303, 1.33978623446018
5630, 9411556.2454, 2, 2.46373392246783, 2468718.6303, 1.36297415873366
5640, 11169981.1737, 2, 2.49087987907627, 2468718.6303, 1.38502808215942
5650, 8075482.0811, 2, 2.43660742103863, 2468718.6303, 1.34188049265897
5660, 13235744.6, 1, 2.51505007865565, 2468718.6303, 1.40130533712226
5670, 13094015.8724, 2, 2.51348460224108, 2468718.6303, 1.40082802347861
5680, 9401004.6694, 2, 2.46334748843569, 2468718.6303, 1.36499251005775
5690, 8274328.7715, 1, 2.4410761636491, 2468718.6303, 1.34452498151639
5700, 9226545.6253, 2, 2.46030645162653, 2468718.6303, 1.35941139654002
5710, 10869465.8795, 1, 2.48675207612604, 2468718.6303, 1.38533508703016
5720, 12073806.4078, 1, 2.50239674188775, 2468718.6303, 1.39372927489202
5730, 10636354.1054, 2, 2.48347989957374, 2468718.6303, 1.37834734868529
5740, 8678747.4423, 1, 2.44961822220501, 2468718.6303, 1.35250996046636
5750, 10177556.0807, 2, 2.47643267135488, 2468718.6303, 1.37277840902504
5760, 15217187.8608, 2, 2.53268658183404, 2468718.6303, 1.40852134960195
5770, 7936433.6255, 2, 2.43339398398671, 2468718.6303, 1.33639913892091
5780, 10965481.9634, 2, 2.48807150342209, 2468718.6303, 1.38507725938603
5790, 10043218.3183, 1, 2.47423586316297, 2468718.6303, 1.37605903309887
5800, 9007311.8494, 1, 2.45609682861314, 2468718.6303, 1.35923667875619
5810, 6617421.1461, 2, 2.39751420091537, 2468718.6303, 1.30586942854798
5820, 7043875.0901, 2, 2.41014613687193, 2468718.6303, 1.31672589114391
5830, 10191052.2933, 2, 2.47704184049985, 2468718.6303, 1.36905766732963
5840, 10265420.5949, 1, 2.47787882792717, 2468718.6303, 1.3765355026168
5850, 12914697.5015, 1, 2.5115677755213, 2468718.6303, 1.40346823380864
5860, 9491932.404, 2, 2.4650459229793, 2468718.6303, 1.36481263436504
5870, 9964425.3077, 1, 2.4734255748194, 2468718.6303, 1.36781803765082
5880, 8078232.518, 1, 2.43652625812638, 2468718.6303, 1.34046756134659
5890, 8665054.1912, 1, 2.44907873732626, 2468718.6303, 1.35579288201102
5900, 9889577.1914, 2, 2.47190898076627, 2468718.6303, 1.36934766637062
5910, 8661608.1132, 1, 2.4492600693356, 2468718.6303, 1.35025849337336
5920, 8370556.2405, 1, 2.44300073730537, 2468718.6303, 1.34921001478235
5930, 10717871.7644, 1, 2.48456109284693, 2468718.6303, 1.38284482486049
5940, 9119636.9666, 1, 2.45804270017573, 2468718.6303, 1.3638792744822
5950, 9513094.3968, 1, 2.46544371032447, 2468718.6303, 1.36634939786193
5960, 18323980.7103, 1, 2.55308918553703, 2468718.6303, 1.43182517839005
5970, 10669414.7833, 1, 2.48366075006288, 2468718.6303, 1.38695326462156
5980, 10580857.3567, 1, 2.48267093852483, 2468718.6303, 1.37752781240002
5990, 7585170.9773, 2, 2.4244481441062, 2468718.6303, 1.3320902307078
6000, 11019590.7561, 1, 2.48878387360763, 2468718.6303, 1.38459532023775
6010, 9930864.1757, 2, 2.47244782462674, 2468718.6303, 1.3725749295031
6020, 9169988.1728, 2, 2.45920668025918, 2468718.6303, 1.36012293591346
6030, 9866925.3065, 1, 2.47144831044939, 2468718.6303, 1.37214860647036
6040, 12646105.4986, 1, 2.50871093818721, 2468718.6303, 1.40054762237856
6050, 9525566.6124, 1, 2.46562587320268, 2468718.6303, 1.36659695634192
6060, 9708029.4293, 2, 2.46863837613798, 2468718.6303, 1.36952133610692
6070, 8110514.0381, 1, 2.437078286068, 2468718.6303, 1.34399876785904
6080, 10046703.4545, 2, 2.47435950600443, 2468718.6303, 1.37091358817215
6090, 8843610.3045, 1, 2.45284139209792, 2468718.6303, 1.35711919492911
6100, 10383542.6237, 1, 2.47956615237742, 2468718.6303, 1.37930281330929
6110, 10082504.0628, 1, 2.47495062257906, 2468718.6303, 1.37488861343854
6120, 6989818.138, 1, 2.40799608513176, 2468718.6303, 1.31973834917808
6130, 13817052.7542, 1, 2.52037766196593, 2468718.6303, 1.41253547022621
6140, 11710724.9602, 1, 2.4979798610058, 2468718.6303, 1.38888682802927
6150, 15524013.9227, 1, 2.53490046523347, 2468718.6303, 1.41935294799169
6160, 10616624.5288, 1, 2.48296474112944, 2468718.6303, 1.38417831361396
6170, 6066992.866, 2, 2.37838671174384, 2468718.6303, 1.28848343645901
6180, 11476600.8968, 2, 2.49493009341918, 2468718.6303, 1.38771954587073
6190, 8091264.0253, 1, 2.43664696701828, 2468718.6303, 1.34455755617146
6200, 8532305.93, 1, 2.44626892263642, 2468718.6303, 1.35844781701554
6210, 10601366.9617, 2, 2.48306505413707, 2468718.6303, 1.37627896630712
6220, 9586190.9906, 2, 2.46630370211139, 2468718.6303, 1.37126120287056
6230, 9706891.7089, 1, 2.46880191686613, 2468718.6303, 1.37032532569302
6240, 9074265.0505, 1, 2.45700237370693, 2468718.6303, 1.36497376253411
6250, 8171815.5396, 1, 2.43842371407442, 2468718.6303, 1.34589362783731
6260, 11600970.25, 1, 2.49654708987836, 2468718.6303, 1.3880287248064
6270, 9100849.6796, 1, 2.45752268937688, 2468718.6303, 1.36134116862445
6280, 6784742.1754, 1, 2.40211061862258, 2468718.6303, 1.31321550841165
6290, 10521546.278, 1, 2.48153307402589, 2468718.6303, 1.38157986128539
6300, 8414584.1218, 1, 2.44362963113867, 2468718.6303, 1.35295407746409
6310, 11484242.151, 1, 2.49499749221498, 2468718.6303, 1.39045279577915
6320, 8722714.092, 1, 2.45036485911108, 2468718.6303, 1.35407072732951
6330, 9030178.4189, 1, 2.456095025362, 2468718.6303, 1.36262531468979
6340, 9364214.7355, 1, 2.46257377152648, 2468718.6303, 1.36778211748847
6350, 15245135.8974, 1, 2.53257487606703, 2468718.6303, 1.42262278180167
6360, 6429293.9005, 1, 2.39077843116522, 2468718.6303, 1.3017004239848
6370, 15070031.5024, 1, 2.53113409764592, 2468718.6303, 1.4228002476563
6380, 9226724.733, 1, 2.4602301975835, 2468718.6303, 1.36304635030136
6390, 12640485.1186, 1, 2.50837709467826, 2468718.6303, 1.40806660663824
6400, 11313465.9554, 1, 2.49259572401613, 2468718.6303, 1.3953834247766
6410, 11579789.9933, 1, 2.49605419569597, 2468718.6303, 1.39415746462615
6420, 10712435.1445, 1, 2.48414989895633, 2468718.6303, 1.38767855199041
6430, 7887729.2356, 1, 2.43134700286659, 2468718.6303, 1.34463149368368
6440, 10049353.7102, 2, 2.47431687779503, 2468718.6303, 1.37212340262254
6450, 10897214.8892, 1, 2.48692196052009, 2468718.6303, 1.38803422280039
6460, 10955013.375, 1, 2.48765416956303, 2468718.6303, 1.39039384116844
6470, 11799889.7776, 1, 2.49869006495297, 2468718.6303, 1.39830724907711
6480, 8002009.1041, 1, 2.43418255813839, 2468718.6303, 1.34415921861113
6490, 8490936.1199, 1, 2.44535043464165, 2468718.6303, 1.35400313780284
6500, 10660980.2059, 1, 2.48360544651222, 2468718.6303, 1.38374380107827
6510, 11971280.3324, 1, 2.50078895596402, 2468718.6303, 1.39925638241779
6520, 10113441.0967, 1, 2.47556145490729, 2468718.6303, 1.37386414361404
6530, 12777836.1498, 1, 2.50978015440705, 2468718.6303, 1.40932899835611
6540, 12368563.659, 1, 2.50546260132362, 2468718.6303, 1.40263994989036
6550, 6932637.4251, 1, 2.40620574219299, 2468718.6303, 1.31460075159268
6560, 12745717.981, 1, 2.50950114003465, 2468718.6303, 1.40503608136667
6570, 9753716.6016, 1, 2.46932651706791, 2468718.6303, 1.37078628777368
6580, 7353320.8922, 2, 2.41847281181337, 2468718.6303, 1.32641539636105
6590, 13809418.056, 1, 2.52029096819216, 2468718.6303, 1.41357553669839
6600, 9918091.0452, 1, 2.47230167933468, 2468718.6303, 1.37225856773751
6610, 10340111.4134, 1, 2.47874267587308, 2468718.6303, 1.3798631580814
6620, 9382004.4793, 1, 2.46263218501463, 2468718.6303, 1.37093132701005
6630, 12366685.6415, 1, 2.50540358005238, 2468718.6303, 1.4034052488374
6640, 10718639.9957, 1, 2.48451391795358, 2468718.6303, 1.38553932152255
6650, 8481621.6849, 1, 2.44502436950927, 2468718.6303, 1.35373753784993
6660, 11981989.9995, 1, 2.501145738949, 2468718.6303, 1.39842418580238
6670, 8086881.7366, 1, 2.43679825540307, 2468718.6303, 1.33944504100081
6680, 9604864.2433, 1, 2.4666038729256, 2468718.6303, 1.37381488100332
6690, 11413894.2105, 1, 2.49380503428221, 2468718.6303, 1.39565970124758
6700, 10416435.0542, 2, 2.48005945328932, 2468718.6303, 1.37766656793373
6710, 7401158.7599, 1, 2.41959680193495, 2468718.6303, 1.32871674046152
6720, 12213265.1359, 1, 2.50350942171671, 2468718.6303, 1.4052641258789
6730, 10021151.6811, 1, 2.47352445492306, 2468718.6303, 1.37979194467821
6740, 12450225.1381, 1, 2.50641791439131, 2468718.6303, 1.40203112856416
6750, 11422450.4318, 1, 2.49402327231483, 2468718.6303, 1.39123130415548
6760, 15487464.8901, 1, 2.534288550504, 2468718.6303, 1.43222008350377
6770, 11941372.4187, 1, 2.50036314075014, 2468718.6303, 1.40265741360738
6780, 9960678.5755, 1, 2.47281321076122, 2468718.6303, 1.37508138278308
6790, 10179647.7454, 1, 2.47615322403463, 2468718.6303, 1.38102503819115
6800, 12308782.7104, 1, 2.50452880521088, 2468718.6303, 1.40764323950356
6810, 10055421.8076, 1, 2.47401624489119, 2468718.6303, 1.37987251310849
6820, 13362289.3067, 1, 2.51593893542246, 2468718.6303, 1.41148638468047
6830, 10482423.0093, 1, 2.48071540152094, 2468718.6303, 1.38665190039331
6840, 11283722.6307, 1, 2.49182870844802, 2468718.6303, 1.39721961230235
6850, 14993234.5982, 1, 2.5303967846691, 2468718.6303, 1.42597413212808
6860, 15599517.9854, 1, 2.535178069153, 2468718.6303, 1.43022607639067
6870, 12197415.9092, 1, 2.50324696492183, 2468718.6303, 1.40687803329851
6880, 7129495.3364, 1, 2.41206593177483, 2468718.6303, 1.32423403543114
6890, 8326386.2806, 1, 2.4415467164167, 2468718.6303, 1.35176268941577
6900, 10316341.8117, 1, 2.47824388121726, 2468718.6303, 1.38252091043455
6910, 11378883.7258, 1, 2.49328174101889, 2468718.6303, 1.39645352146824
6920, 10313912.985, 1, 2.4781834774226, 2468718.6303, 1.38315978299896
6930, 9287532.1974, 1, 2.46065590701861, 2468718.6303, 1.36822441738964
6940, 9603026.8137, 1, 2.46654338149091, 2468718.6303, 1.37262546219227
6950, 12576666.5535, 1, 2.5076347291142, 2468718.6303, 1.4078225973512
6960, 9616672.5656, 1, 2.46674372272834, 2468718.6303, 1.37549802580055
6970, 14510462.5677, 1, 2.52654059151407, 2468718.6303, 1.42023375480249
6980, 9200149.9606, 1, 2.45874866761563, 2468718.6303, 1.37277074720272
6990, 12341627.5388, 1, 2.50508215183545, 2468718.6303, 1.40181076996297
7000, 12714040.939, 1, 2.50903734904529, 2468718.6303, 1.40940925454276
7010, 9930373.7333, 1, 2.47198243514195, 2468718.6303, 1.3815043366487
7020, 15545183.4337, 1, 2.53478333431159, 2468718.6303, 1.42501924679751
7030, 10771437.8785, 1, 2.48464097056912, 2468718.6303, 1.39353511067108
7040, 10713819.9127, 1, 2.48411914221009, 2468718.6303, 1.3906347503991
7050, 17051445.7625, 1, 2.54536486551375, 2468718.6303, 1.43319116131961
7060, 9700670.8997, 1, 2.46822142057234, 2468718.6303, 1.37758685781424
7070, 10219252.3451, 1, 2.47629023848611, 2468718.6303, 1.38670060418791
7080, 14474684.763, 1, 2.52610179858587, 2468718.6303, 1.42466966566626
7090, 10047226.8228, 1, 2.47404609456042, 2468718.6303, 1.37471144421711
7100, 12544787.0946, 1, 2.50718978120369, 2468718.6303, 1.40955704291507
7110, 7784804.6448, 1, 2.42899581961743, 2468718.6303, 1.33922007031413
7120, 11488930.6897, 1, 2.49480546698288, 2468718.6303, 1.39683598787927
7130, 16268764.3697, 1, 2.54006933177855, 2468718.6303, 1.43472811154008
7140, 15600236.2702, 1, 2.5350132201669, 2468718.6303, 1.43298406929828
7150, 10510359.6904, 1, 2.48111740375325, 2468718.6303, 1.38660146308991
7160, 10551970.2862, 1, 2.48178276651939, 2468718.6303, 1.38617908544737
7170, 8734597.7753, 1, 2.45006314177318, 2468718.6303, 1.35914917521354
7180, 12774964.2298, 1, 2.5097395936923, 2468718.6303, 1.41213495970471
7190, 12278308.557, 1, 2.50418263640452, 2468718.6303, 1.4056652386429
7200, 11045943.8168, 1, 2.48887665473153, 2468718.6303, 1.39126429271501
7210, 13262215.8449, 1, 2.51449127939468, 2468718.6303, 1.42279365610349
7220, 13157311.2277, 1, 2.51361802418651, 2468718.6303, 1.41721067121651
7230, 12151099.851, 1, 2.5026417345099, 2468718.6303, 1.40526720074437
7240, 10650859.777, 1, 2.48319842294236, 2468718.6303, 1.3852784597919
7250, 15856520.2075, 1, 2.53678821410955, 2468718.6303, 1.43866627976258
7260, 9912468.3994, 1, 2.47160347563905, 2468718.6303, 1.382130799772
7270, 13325756.4785, 1, 2.5154194074211, 2468718.6303, 1.41802340249661
7280, 11266313.349, 1, 2.49161454725028, 2468718.6303, 1.39632533949862
7290, 14751343.9982, 1, 2.52834253491471, 2468718.6303, 1.42704961403892
7300, 9851750.1908, 1, 2.47062158136222, 2468718.6303, 1.38060228846143
7310, 10616746.9317, 1, 2.48268753762734, 2468718.6303, 1.38914859757002
7320, 10110269.3071, 1, 2.47469096375122, 2468718.6303, 1.3835038757831
7330, 8666182.2877, 1, 2.44845304661434, 2468718.6303, 1.36066806687858
7340, 12866242.0643, 1, 2.51078739073321, 2468718.6303, 1.41191692136878
7350, 9552191.9348, 1, 2.46581119782374, 2468718.6303, 1.37142074495703
7360, 9244181.2077, 1, 2.46023257103722, 2468718.6303, 1.36819494947907
7370, 12034199.118, 1, 2.50138334039843, 2468718.6303, 1.40483210238962
7380, 13704909.7151, 1, 2.51914423694198, 2468718.6303, 1.4165733137879
7390, 14941937.3198, 1, 2.52989496902134, 2468718.6303, 1.42615017769895
7400, 9923033.9924, 1, 2.47187576349007, 2468718.6303, 1.37784468671722
7410, 13440755.7381, 1, 2.51650984278109, 2468718.6303, 1.41722144083934
7420, 11903422.7412, 1, 2.49960942764557, 2468718.6303, 1.40485504726792
7430, 14606697.2713, 1, 2.52717709397647, 2468718.6303, 1.42583784197377
7440, 12378504.469, 1, 2.50502147123039, 2468718.6303, 1.41380932723713
7450, 12125611.2211, 1, 2.5022592193579, 2468718.6303, 1.41170102748238
7460, 12989673.7997, 1, 2.51178163057871, 2468718.6303, 1.41709870475848
7470, 14048343.2472, 1, 2.52210450093114, 2468718.6303, 1.42217485300401
7480, 8946171.5809, 1, 2.45442095433234, 2468718.6303, 1.36504824400495
7490, 16102404.405, 1, 2.53854741421302, 2468718.6303, 1.43725912198106
7500, 14085774.9279, 1, 2.52253366468303, 2468718.6303, 1.42512863693931
7510, 11057448.2851, 1, 2.48886295424991, 2468718.6303, 1.39306037358337
7520, 13340168.6573, 1, 2.51540144041684, 2468718.6303, 1.41894242405775
7530, 11416847.7722, 1, 2.49331484580816, 2468718.6303, 1.40497351891672
7540, 9450700.1295, 1, 2.46365779577962, 2468718.6303, 1.37452105353319
7550, 10753982.9274, 1, 2.48426076167501, 2468718.6303, 1.38936577702493
7560, 10954638.0977, 1, 2.48732804503725, 2468718.6303, 1.39820695208936
7570, 14874035.6531, 1, 2.52915240412778, 2468718.6303, 1.43550202918322
7580, 9272154.6095, 1, 2.46034540396477, 2468718.6303, 1.36989350137335
7590, 9635333.6058, 1, 2.46694820904795, 2468718.6303, 1.37804969510921
7600, 8972730.0373, 1, 2.45438939868361, 2468718.6303, 1.36805869209981
7610, 11651998.8286, 1, 2.49674092910788, 2468718.6303, 1.40349015429974
7620, 18647246.0663, 1, 2.55451571724255, 2468718.6303, 1.45216009981653
7630, 9904747.105, 1, 2.47126205928142, 2468718.6303, 1.38116179735355
7640, 14644040.4898, 1, 2.52730018808343, 2468718.6303, 1.43072758122192
7650, 12392697.9953, 1, 2.50553952091839, 2468718.6303, 1.40717988275386
7660, 13328189.7661, 1, 2.51525670827091, 2468718.6303, 1.42004950702251
7670, 13222195.3619, 1, 2.51448839214673, 2468718.6303, 1.41065440742771
7680, 11851085.9953, 1, 2.49899234390494, 2468718.6303, 1.40673041563765
7690, 15987856.543, 1, 2.53770714745088, 2468718.6303, 1.44204546985267
7700, 10201743.4976, 1, 2.47585020687052, 2468718.6303, 1.38991881014378
7710, 13151528.3732, 1, 2.51334939553673, 2468718.6303, 1.42526976918452
7720, 7790707.3387, 1, 2.42876177422955, 2468718.6303, 1.34303488998473
7730, 17700903.6114, 1, 2.54916963967136, 2468718.6303, 1.44566520283559
7740, 13860877.3385, 1, 2.52048672132145, 2468718.6303, 1.41893043869629
7750, 9541181.7532, 1, 2.4651745910117, 2468718.6303, 1.37577341210017
7760, 12837834.4258, 1, 2.510132012606, 2468718.6303, 1.41521365979457
7770, 12509630.5001, 1, 2.50664720429217, 2468718.6303, 1.41029082947032
7780, 19743998.3755, 1, 2.56019759496326, 2468718.6303, 1.45814567844254
7790, 11775544.5709, 1, 2.49792867038752, 2468718.6303, 1.40765453245947
7800, 13597006.6069, 1, 2.51787320207062, 2468718.6303, 1.42178421348131
7810, 12487978.2278, 1, 2.5063321251009, 2468718.6303, 1.4135191712346
7820, 11467391.0811, 1, 2.49392313651855, 2468718.6303, 1.40695774359836
7830, 14379286.1756, 1, 2.52508410824693, 2468718.6303, 1.42966438808817
7840, 9940937.154, 1, 2.47172427233178, 2468718.6303, 1.38691765380108
7850, 10812083.1815, 1, 2.48498239660842, 2468718.6303, 1.39644374945167
7860, 14019465.5767, 1, 2.52191279159695, 2468718.6303, 1.42258651179979
7870, 8744511.5531, 1, 2.44980788155098, 2468718.6303, 1.36293661696224
7880, 14822665.4364, 1, 2.52889810910865, 2468718.6303, 1.43072388543012
7890, 12873517.9549, 1, 2.51070740428949, 2468718.6303, 1.41289756339016
7900, 12995430.6253, 1, 2.51190997823336, 2468718.6303, 1.4159585635281
7910, 9654753.2682, 1, 2.46684514329045, 2468718.6303, 1.38033266918942
7920, 17519143.8038, 1, 2.54810001382549, 2468718.6303, 1.44126630113991
7930, 11944893.0657, 1, 2.50009092095046, 2468718.6303, 1.40582439361378
7940, 12671256.0243, 1, 2.50836342268828, 2468718.6303, 1.41456402730269
7950, 11512424.6139, 1, 2.49462540105004, 2468718.6303, 1.40465652887216
7960, 14284922.9341, 1, 2.52425294110711, 2468718.6303, 1.42525242171605
7970, 13245504.0204, 1, 2.51443113454495, 2468718.6303, 1.42132642149824
7980, 14787581.0841, 1, 2.52848714937755, 2468718.6303, 1.43087973834666
7990, 12920372.0906, 1, 2.51122001464878, 2468718.6303, 1.41534266448795
8000, 12223242.9128, 1, 2.50333520754613, 2468718.6303, 1.41214043107251
8010, 12069653.733, 1, 2.50145647394361, 2468718.6303, 1.4080466850596
8020, 15244694.0028, 1, 2.53219500991956, 2468718.6303, 1.43607977785111
8030, 9248476.8522, 1, 2.45947143484396, 2468718.6303, 1.37626170978049
8040, 12565058.0642, 1, 2.50725941978546, 2468718.6303, 1.41325317457289
8050, 11560219.966, 1, 2.49505978864595, 2468718.6303, 1.41051426688094
8060, 16606739.1053, 1, 2.54219247349935, 2468718.6303, 1.44174859192819
8070, 11430062.8692, 1, 2.49327142468972, 2468718.6303, 1.40604010955032
8080, 11740527.2641, 1, 2.49783771300618, 2468718.6303, 1.40479093359035
8090, 13251557.9724, 1, 2.51436305973306, 2468718.6303, 1.42133068326354
8100, 15857567.5103, 1, 2.53689742571477, 2468718.6303, 1.43327134136048
8110, 13300169.1722, 1, 2.51517213004913, 2468718.6303, 1.41286037509506
8120, 11893319.5058, 1, 2.49960648113635, 2468718.6303, 1.4011513249331
8130, 11455959.0285, 1, 2.49392927649457, 2468718.6303, 1.40721846895943
8140, 12797076.0523, 1, 2.50964534735022, 2468718.6303, 1.41705167496274
8150, 13858549.9289, 1, 2.52033170778929, 2468718.6303, 1.42475247581044
8160, 13074189.2715, 1, 2.51243873932123, 2468718.6303, 1.42337614313603
8170, 10980692.9467, 1, 2.48737223534258, 2468718.6303, 1.40170713178573
8180, 12194884.1853, 1, 2.50318304626765, 2468718.6303, 1.40916879857729
8190, 9607597.0041, 1, 2.4659569245154, 2468718.6303, 1.38186748055718
8200, 12527810.5095, 1, 2.50661424596223, 2468718.6303, 1.42001878342255
8210, 12848037.1447, 1, 2.51022470175667, 2468718.6303, 1.41660608129127
8220, 18443262.4018, 1, 2.55330094160736, 2468718.6303, 1.45505771509844
8230, 13667906.106, 1, 2.51832356590822, 2468718.6303, 1.43225591468332
8240, 10767655.6305, 1, 2.48461261369382, 2468718.6303, 1.39353893041162
8250, 13876694.5448, 1, 2.52042025272406, 2468718.6303, 1.42641311619672
8260, 10965481.6574, 1, 2.48702087619232, 2468718.6303, 1.40089868358414
8270, 8350166.3735, 1, 2.44147737127489, 2468718.6303, 1.36038036266566
8280, 12718804.9003, 1, 2.50868932040919, 2468718.6303, 1.41917694172282
8290, 16310781.4065, 1, 2.54011440688571, 2468718.6303, 1.44235630552188
8300, 12056743.7322, 1, 2.50139142950178, 2468718.6303, 1.41125540363001
8310, 14093256.3674, 1, 2.52225842781775, 2468718.6303, 1.43304282099641
8320, 11101173.3539, 1, 2.48908927799169, 2468718.6303, 1.40002701057668
8330, 8847800.6144, 1, 2.45146820795376, 2468718.6303, 1.36526777986057
8340, 12549567.2472, 1, 2.50686041388532, 2468718.6303, 1.41450429877224
8350, 12734789.9938, 1, 2.50900779394868, 2468718.6303, 1.41461307626858
8360, 19570275.0674, 1, 2.55943916379502, 2468718.6303, 1.45726415452561
8370, 15446736.5733, 1, 2.53365804660836, 2468718.6303, 1.4378118731322
8380, 14386353.1535, 1, 2.52510906113322, 2468718.6303, 1.42627779772679
8390, 13366926.74, 1, 2.51554330813719, 2468718.6303, 1.42304113512394
8400, 13513190.6043, 1, 2.5170396265361, 2468718.6303, 1.4208066721144
8410, 12178273.1149, 1, 2.50265951280642, 2468718.6303, 1.41599664754036
8420, 12219648.7121, 1, 2.50295388423536, 2468718.6303, 1.41774157118982
8430, 11765950.7488, 1, 2.49777126845604, 2468718.6303, 1.40995473328383
8440, 13558793.9612, 1, 2.51743428804884, 2468718.6303, 1.42612728676282
8450, 12040924.9335, 1, 2.50101071849498, 2468718.6303, 1.41102950372889
8460, 15404231.3776, 1, 2.53331367843766, 2468718.6303, 1.43675584254433
8470, 17480636.1017, 1, 2.54767149184762, 2468718.6303, 1.4479409909705
8480, 15610217.2091, 1, 2.53460840717732, 2468718.6303, 1.44671286625621
8490, 16843028.7794, 1, 2.54350466389052, 2468718.6303, 1.44670175096068
8500, 17181617.9488, 1, 2.5457793878324, 2468718.6303, 1.44700332546691
8510, 11262771.6437, 1, 2.4910898748188, 2468718.6303, 1.40625428055452
8520, 13990491.4385, 1, 2.52145143843977, 2468718.6303, 1.42334158009315
8530, 14727323.3039, 1, 2.52807275707408, 2468718.6303, 1.42756158113445
8540, 13868842.7978, 1, 2.5201729442697, 2468718.6303, 1.42767125210535
8550, 7924940.8444, 1, 2.43121780346439, 2468718.6303, 1.34884119170927
8560, 17362175.3728, 1, 2.54697499700178, 2468718.6303, 1.44878656368055
8570, 11529153.3419, 1, 2.49498230561562, 2468718.6303, 1.40547905817442
8580, 23060804.8389, 1, 2.57442981440159, 2468718.6303, 1.46877303879999
8590, 13542103.2992, 1, 2.51725498647246, 2468718.6303, 1.42125384196201
8600, 14198044.8118, 1, 2.52327855355482, 2468718.6303, 1.4312982098089
8610, 16057079.3352, 1, 2.53815857881978, 2468718.6303, 1.44498853488432
8620, 10495906.578, 1, 2.48015292860534, 2468718.6303, 1.39627602746981
8630, 11857557.0682, 1, 2.49884997932373, 2468718.6303, 1.41049756138074
8640, 15485305.4087, 1, 2.53405913677931, 2468718.6303, 1.43576141226404
8650, 15742616.7312, 1, 2.53579489651055, 2468718.6303, 1.44360126024596
8660, 12052868.8323, 1, 2.50082204803184, 2468718.6303, 1.41694650108908
8670, 18176403.4391, 1, 2.55167223186979, 2468718.6303, 1.4562969739518
8680, 16872542.8593, 1, 2.54367012438778, 2468718.6303, 1.4467364506022
8690, 12746875.7899, 1, 2.50897126053413, 2468718.6303, 1.42268213771858
8700, 16445121.9657, 1, 2.5408416547345, 2468718.6303, 1.44316965594261
8710, 14487312.5395, 1, 2.52567598006614, 2468718.6303, 1.43429222188581
8720, 13247633.984, 1, 2.51422762276295, 2468718.6303, 1.4240507323415
8730, 11331430.6107, 1, 2.49195028452203, 2468718.6303, 1.40539396912044
8740, 12364863.0824, 1, 2.50459220100218, 2468718.6303, 1.42007371873141
8750, 17467123.7941, 1, 2.54754806070366, 2468718.6303, 1.4523874359116
8760, 19230175.9646, 1, 2.55745579877888, 2468718.6303, 1.45814153962941
8770, 11730180.0369, 1, 2.49706579504197, 2468718.6303, 1.41047552352986
8780, 17084042.9998, 1, 2.54503021886364, 2468718.6303, 1.45089645055068
8790, 14607201.3806, 1, 2.52681600234049, 2468718.6303, 1.4318987100688
8800, 12251458.3312, 1, 2.50322204859703, 2468718.6303, 1.41517213505635
8810, 14387954.0821, 1, 2.52474793142032, 2468718.6303, 1.43789045670767
8820, 13018415.2489, 1, 2.5116653350594, 2468718.6303, 1.4224815950771
8830, 12749202.2656, 1, 2.50879440089812, 2468718.6303, 1.42198239794767
8840, 12057658.651, 1, 2.50090853197636, 2468718.6303, 1.41741193871874
8850, 16105211.3384, 1, 2.53830790170025, 2468718.6303, 1.44575074084981
8860, 16913048.5329, 1, 2.54390887476797, 2468718.6303, 1.45316736685121
8870, 17644901.5678, 1, 2.54841899224784, 2468718.6303, 1.45143151258162
8880, 13708676.6517, 1, 2.51875172728212, 2468718.6303, 1.42803919671313
8890, 16091562.112, 1, 2.53823755478687, 2468718.6303, 1.45050078863148
8900, 16138619.4745, 1, 2.53875749404068, 2468718.6303, 1.44284170264918
8910, 15548441.6746, 1, 2.53415022160234, 2468718.6303, 1.44316455333681
8920, 15099847.7616, 1, 2.53087620790148, 2468718.6303, 1.43845905063093
8930, 12480715.8549, 1, 2.50611328768013, 2468718.6303, 1.41790219756023
8940, 17388960.0591, 1, 2.54686359226924, 2468718.6303, 1.45464150134213
8950, 16761780.2991, 1, 2.54318438035521, 2468718.6303, 1.43820678779683
8960, 17648846.154, 1, 2.5485272604081, 2468718.6303, 1.45367551560205
8970, 11212093.0369, 1, 2.49030277601687, 2468718.6303, 1.40600907196662
8980, 13855937.7743, 1, 2.51995809753638, 2468718.6303, 1.42995796841391
8990, 17479344.1102, 1, 2.54770403854705, 2468718.6303, 1.45007923122564
9000, 15815388.0321, 1, 2.53641223398614, 2468718.6303, 1.43479278634148
9010, 18886355.9693, 1, 2.5556722081105, 2468718.6303, 1.4571424155939
9020, 14691285.3272, 1, 2.52739659889848, 2468718.6303, 1.43575183149273
9030, 12642143.3806, 1, 2.50789927951566, 2468718.6303, 1.4147117455935
9040, 12725605.411, 1, 2.50876986612033, 2468718.6303, 1.41705059701157
9050, 14262079.9803, 1, 2.52388288663226, 2468718.6303, 1.42902260686808
9060, 16461470.2024, 1, 2.54109164924338, 2468718.6303, 1.43708636096502
9070, 10267117.5008, 1, 2.47661574869244, 2468718.6303, 1.39451540893151
9080, 15726113.557, 1, 2.53565039113455, 2468718.6303, 1.44525776529221
9090, 12871179.375, 1, 2.51004407487286, 2468718.6303, 1.4241435283385
9100, 12161538.0709, 1, 2.50236277008691, 2468718.6303, 1.41284212772085
9110, 12407610.9992, 1, 2.50508527495432, 2468718.6303, 1.41697611048266
9120, 18445227.8022, 1, 2.55332165841412, 2468718.6303, 1.4563988374703
9130, 14703057.4046, 1, 2.52750774543173, 2468718.6303, 1.43930997373419
9140, 16364240.1749, 1, 2.54027925639016, 2468718.6303, 1.44418609103511
9150, 12404629.297, 1, 2.5051748597274, 2468718.6303, 1.41893636385026
9160, 13128137.2344, 1, 2.51292741821601, 2468718.6303, 1.42213322012738
9170, 16359840.407, 1, 2.54018326242605, 2468718.6303, 1.44425295920016
9180, 12621666.4459, 1, 2.50738717650677, 2468718.6303, 1.42299780744597
9190, 13503002.874, 1, 2.51665601151125, 2468718.6303, 1.42530688689712
9200, 15381025.5087, 1, 2.5329130807518, 2468718.6303, 1.43952516482763
9210, 12593092.1642, 1, 2.50714882825732, 2468718.6303, 1.4211516872668
9220, 14858735.6432, 1, 2.52865512029986, 2468718.6303, 1.44343702816048
9230, 13379871.6432, 1, 2.51519081029727, 2468718.6303, 1.42914539177714
9240, 13298369.4224, 1, 2.51465429774783, 2468718.6303, 1.42321575250749
9250, 15767826.6156, 1, 2.53596543235798, 2468718.6303, 1.44440107157137
9260, 15726312.8001, 1, 2.53538054552585, 2468718.6303, 1.44772881467544
9270, 15150090.1241, 1, 2.53129992304602, 2468718.6303, 1.43658992771957
9280, 17608139.4512, 1, 2.54813984564082, 2468718.6303, 1.46074966604574
9290, 10422824.2283, 1, 2.47879511039222, 2468718.6303, 1.39821608248241
9300, 16470643.6695, 1, 2.54087728226053, 2468718.6303, 1.45052470716755
9310, 10682466.8467, 1, 2.48309029153054, 2468718.6303, 1.39321254120913
9320, 11872584.008, 1, 2.49864062050031, 2468718.6303, 1.41222403082635
9330, 15969169.6093, 1, 2.53743807005886, 2468718.6303, 1.44559133108909
9340, 16104441.1966, 1, 2.5384317586283, 2468718.6303, 1.44456168704832
9350, 12855457.8381, 1, 2.51011569669169, 2468718.6303, 1.42037899092401
9360, 24628297.3566, 1, 2.5798460628315, 2468718.6303, 1.47529258883432
9370, 16939925.2641, 1, 2.54419320380415, 2468718.6303, 1.4467334942762
9380, 21277028.7476, 1, 2.56729471060004, 2468718.6303, 1.46062948568615
9390, 9337814.3874, 1, 2.46098392041771, 2468718.6303, 1.37425857783387
9400, 16512026.9435, 1, 2.54124916226721, 2468718.6303, 1.44405175780662
9410, 11729125.6465, 1, 2.49704788022328, 2468718.6303, 1.40885392565267
9420, 14174430.4835, 1, 2.52288690487418, 2468718.6303, 1.43322727089228
9430, 20623711.0882, 1, 2.56417060778411, 2468718.6303, 1.46922296256294
9440, 14148204.5958, 1, 2.52265595789429, 2468718.6303, 1.43012612650272
9450, 18168400.8082, 1, 2.55169664273614, 2468718.6303, 1.45582588014868
9460, 21431269.7639, 1, 2.56775567241895, 2468718.6303, 1.46727640818902
9470, 15673718.5247, 1, 2.53535058615486, 2468718.6303, 1.44322379545534
9480, 14472623.8467, 1, 2.52543464667027, 2468718.6303, 1.4410687058948
9490, 17656264.5889, 1, 2.54861961246526, 2468718.6303, 1.45059252255551
9500, 13722184.6675, 1, 2.51874680456465, 2468718.6303, 1.4281972885349
9510, 15500344.9793, 1, 2.53377016381272, 2468718.6303, 1.44591489380005
9520, 12216278.2887, 1, 2.50294711392946, 2468718.6303, 1.42043298193944
9530, 17232574.6372, 1, 2.54590990703283, 2468718.6303, 1.45171610023014
9540, 9752963.2743, 1, 2.4682479767465, 2468718.6303, 1.38621224629433
9550, 14317079.6115, 1, 2.52422091854206, 2468718.6303, 1.43402466953528
9560, 14483468.908, 1, 2.52556477070555, 2468718.6303, 1.43998217414775
9570, 17493755.4755, 1, 2.54737983015924, 2468718.6303, 1.45995437588873
9580, 16422802.4408, 1, 2.54052086211561, 2468718.6303, 1.45121232174747
9590, 20505597.881, 1, 2.56365562454522, 2468718.6303, 1.46798372002754
9600, 17317257.035, 1, 2.54637536246644, 2468718.6303, 1.45211267133981
9610, 19446112.4981, 1, 2.5585148164643, 2468718.6303, 1.46347760954487
9620, 11126123.6423, 1, 2.48899701906312, 2468718.6303, 1.40329920336624
9630, 16067365.702, 1, 2.53782058227238, 2468718.6303, 1.45322778211891
9640, 10376345.279, 1, 2.47793655032642, 2468718.6303, 1.39639070878097
9650, 21116682.8745, 1, 2.56642802094014, 2468718.6303, 1.46646522308952
9660, 12558333.1122, 1, 2.50672861618287, 2468718.6303, 1.41947158760167
9670, 15854909.9005, 1, 2.53640022506686, 2468718.6303, 1.45078786649305
9680, 13174129.818, 1, 2.51337932036911, 2468718.6303, 1.42254183652789
9690, 18898361.4086, 1, 2.55573842571777, 2468718.6303, 1.45654883763793
9700, 15683877.2648, 1, 2.53537302548442, 2468718.6303, 1.442211308673
9710, 16575137.0626, 1, 2.54160192575759, 2468718.6303, 1.45119231125553
9720, 15235938.3009, 1, 2.53166589887213, 2468718.6303, 1.44059977435773
9730, 16653557.7777, 1, 2.54204687561735, 2468718.6303, 1.4515578573949
9740, 14328097.5807, 1, 2.52414994063612, 2468718.6303, 1.43698764014125
9750, 16468331.3102, 1, 2.54085082319519, 2468718.6303, 1.45182564786688
9760, 17476918.215, 1, 2.54733995538842, 2468718.6303, 1.4591987018251
9770, 12087676.3517, 1, 2.50133064566715, 2468718.6303, 1.41094620442441
9780, 16288294.0569, 1, 2.5395484880812, 2468718.6303, 1.44876109732348
9790, 13555063.5243, 0, 2.51692660022037, 2468718.6303, 1.4371430044832
9800, 18222753.497, 1, 2.55173162322579, 2468718.6303, 1.46406085540182
9810, 16684817.9077, 1, 2.54240701626534, 2468718.6303, 1.45215036512728
9820, 15717268.1009, 1, 2.53547911607583, 2468718.6303, 1.44835159255705
9830, 14716763.665, 1, 2.52738628684276, 2468718.6303, 1.44363831858806
9840, 15140616.861, 1, 2.53096578371758, 2468718.6303, 1.44811094597032
9850, 13547473.7484, 1, 2.51698285899636, 2468718.6303, 1.42625967565646
9860, 16364874.9709, 1, 2.53999563501505, 2468718.6303, 1.45398434726853
9870, 13896143.5408, 1, 2.52006203373648, 2468718.6303, 1.43583187979663
9880, 15063527.7745, 1, 2.53022961437449, 2468718.6303, 1.44235909486577
9890, 14898531.7876, 1, 2.52909097301753, 2468718.6303, 1.43914417879339
9900, 12252532.6407, 1, 2.50310979642887, 2468718.6303, 1.41707591243983
9910, 20134546.2493, 1, 2.56192793739005, 2468718.6303, 1.46406469729541
9920, 11492450.2047, 1, 2.49395564583375, 2468718.6303, 1.40974460778068
9930, 16452015.4993, 1, 2.54069647701595, 2468718.6303, 1.44846391088521
9940, 21385954.2196, 1, 2.56742522149803, 2468718.6303, 1.47709750547545
9950, 13561922.9288, 1, 2.51702458133509, 2468718.6303, 1.43085919570595
9960, 13416615.2567, 1, 2.51534865229, 2468718.6303, 1.43621274195703
9970, 14107857.6455, 1, 2.52223291058049, 2468718.6303, 1.43735585898269
9980, 17568280.0827, 1, 2.54796762289437, 2468718.6303, 1.45781412458392
9990, 17093001.4566, 1, 2.54513656041523, 2468718.6303, 1.44580971921573
10000, 13452444.2645, 1, 2.51589455522169, 2468718.6303, 1.4299691644911
10010, 17778698.1099, 0, 2.54920160772464, 2468718.6303, 1.4632114379487
10020, 13963068.0034, 1, 2.52088599731983, 2468718.6303, 1.43478366637374
10030, 14750709.4075, 0, 2.52765941423036, 2468718.6303, 1.44771084990278
10040, 17955275.1433, 1, 2.55012520696835, 2468718.6303, 1.46023797055809
10050, 15034408.5822, 1, 2.53007310755798, 2468718.6303, 1.4413684704689
10060, 22978676.9334, 1, 2.57381134163741, 2468718.6303, 1.47953585137834
10070, 12537461.5085, 1, 2.50620354187147, 2468718.6303, 1.41989793164307
10080, 19011744.9022, 1, 2.55608577209938, 2468718.6303, 1.46856878558103
10090, 17926963.6195, 1, 2.55006221141343, 2468718.6303, 1.45729316139982
