500000, 8157699.8995, 2, 2.43649482593557, 2074553.4708, 1.33864024532484
510000, 10198504.9368, 2, 2.47578148740105, 2116044.5402, 1.36716894510033
520000, 9166574.5774, 1, 2.45794178744543, 2157535.6096, 1.35638599844237
530000, 9643073.1134, 2, 2.46700549935575, 2199026.6791, 1.3569332913581
540000, 6448282.7078, 2, 2.39121038249127, 2240517.7485, 1.29118736671562
550000, 7649199.3765, 2, 2.42571240446525, 2282008.8179, 1.32660964827967
560000, 11841190.8939, 2, 2.49947993652774, 2323499.8873, 1.37983410061325
570000, 6764071.4481, 2, 2.40160604616533, 2364990.9567, 1.30700224205008
580000, 8588848.8539, 2, 2.44823812272903, 2406482.0261, 1.33665302415793
590000, 7100549.0204, 2, 2.41191543549665, 2447973.0956, 1.31780788353801
600000, 8315811.6685, 2, 2.44254562252851, 2489464.165, 1.33834944908224
610000, 8579416.3657, 2, 2.44822896215095, 2530955.2344, 1.34471308357797
620000, 8996674.0429, 2, 2.45700228807049, 2572446.3038, 1.34768917902492
630000, 7172484.7238, 2, 2.41538697693165, 2613937.3732, 1.31382456477784
640000, 8960960.4931, 2, 2.45669554809965, 2655428.4426, 1.34859572110215
650000, 13758136.9211, 2, 2.52066883575704, 2696919.5121, 1.4004390068806
660000, 8602668.8715, 2, 2.45011267329979, 2738410.5815, 1.33719809120163
670000, 10683713.0291, 2, 2.48565546738542, 2779901.6509, 1.37110618565009
680000, 9637749.0476, 2, 2.46956758764263, 2821392.7203, 1.35858001365398
690000, 9220654.6516, 2, 2.46245624137584, 2862883.7897, 1.35069234986571
700000, 9697505.1862, 2, 2.47083139287632, 2904374.8591, 1.35942103318423
710000, 8252461.5516, 2, 2.44370877335552, 2945865.9285, 1.33650008305888
720000, 7800707.7456, 2, 2.43373384258569, 2987356.998, 1.32969957574984
730000, 7271011.3263, 3, 2.42077008697295, 3028848.0674, 1.31780632678212
740000, 11118698.9664, 2, 2.49260676319257, 3070339.1368, 1.37413014337072
750000, 4865285.0639, 3, 2.33814271550021, 3111830.2062, 1.23884769952596
760000, 7227698.9423, 2, 2.42065383646971, 3153321.2756, 1.31727781215926
770000, 7307928.9889, 3, 2.4231709870223, 3194812.345, 1.31570908186519
780000, 7591978.9986, 2, 2.43035664563184, 3236303.4145, 1.32461042266442
790000, 6961420.542, 2, 2.41438267268091, 3277794.4839, 1.31021864829647
800000, 8890491.5571, 2, 2.45847065835075, 3319285.5533, 1.34855563244614
810000, 7819689.3072, 3, 2.43653309463018, 3360776.6227, 1.32636007099405
820000, 8429163.7087, 3, 2.44992581366391, 3402267.6921, 1.33839861001536
830000, 9799004.3249, 3, 2.47491935441397, 3443758.7615, 1.35743328259856
840000, 8900848.9958, 3, 2.45973348681035, 3485249.831, 1.34302002438605
850000, 6490333.7121, 3, 2.40230370839513, 3526740.9004, 1.30113100916256
860000, 7809300.6724, 3, 2.43760736786881, 3568231.9698, 1.32610121882448
870000, 10625770.0158, 3, 2.48786408698101, 3609723.0392, 1.36944728422832
880000, 9451543.0165, 3, 2.47011259278769, 3651214.1086, 1.35110576297243
890000, 5913799.2649, 3, 2.38543266206938, 3692705.178, 1.28352823194389
900000, 9956553.2424, 3, 2.47856978661383, 3734196.2475, 1.35939297629298
910000, 7631141.4799, 3, 2.43438677880735, 3775687.3169, 1.32800539835138
920000, 5277049.1158, 3, 2.36288176815555, 3817178.3863, 1.2623654292136
930000, 7294429.1287, 3, 2.42695865945133, 3858669.4557, 1.31764287908232
940000, 4926331.4415, 3, 2.34921823058111, 3900160.5251, 1.24995887636044
950000, 7540814.7439, 3, 2.43360170980071, 3941651.5945, 1.32286908454587
960000, 6133733.1912, 3, 2.39534498799536, 3983142.664, 1.28991909280043
970000, 7194226.305, 3, 2.42564572814329, 4024633.7334, 1.31339512242511
980000, 7416318.789, 3, 2.43087102418297, 4066124.8028, 1.32466168123586
990000, 6833950.1325, 3, 2.41669237855602, 4107615.8722, 1.30955961112431
1000000, 9881205.2803, 3, 2.47886444823665, 4149106.9416, 1.36219165061741
1010000, 5590715.6413, 4, 2.37851751888237, 4190598.011, 1.27381179322875
1020000, 7321483.8166, 3, 2.43004468364149, 4232089.0804, 1.31879976216137
1030000, 6573318.1327, 3, 2.41059032781691, 4273580.1499, 1.30373758752584
1040000, 7389583.4316, 3, 2.43208170422649, 4315071.2193, 1.32412839952238
1050000, 6921644.7745, 3, 2.4207382487242, 4356562.2887, 1.31054651662419
1060000, 6117042.6507, 4, 2.39802827532071, 4398053.3581, 1.2908269513643
1070000, 5274917.0615, 4, 2.36924128914596, 4439544.4275, 1.26667693706378
1080000, 6553435.4387, 4, 2.41185459403692, 4481035.4969, 1.30072504460586
1090000, 7085391.1245, 3, 2.42609231670072, 4522526.5664, 1.31475492926576
1100000, 7871783.3278, 4, 2.4444032082929, 4564017.6358, 1.33134629940652
1110000, 5321764.2203, 4, 2.37292840346117, 4605508.7052, 1.26351468796731
1120000, 9451022.2196, 3, 2.47444390705544, 4646999.7746, 1.35158001467326
1130000, 6563168.5591, 4, 2.41307871482973, 4688490.844, 1.3062646882248
1140000, 7264509.322, 4, 2.43201901384514, 4729981.9134, 1.31573407919655
1150000, 7995671.2098, 4, 2.44847268774893, 4771472.9829, 1.32926469066129
1160000, 7633211.2356, 4, 2.44078884502385, 4812964.0523, 1.32597291788586
1170000, 6942506.9564, 4, 2.42470285612858, 4854455.1217, 1.31078857950146
1180000, 7813570.5436, 4, 2.44523035394322, 4895946.1911, 1.32864316510696
1190000, 11500191.6868, 4, 2.50351822480452, 4937437.2605, 1.36859598029625
1200000, 8924353.0592, 4, 2.46707982396424, 4978928.3299, 1.344192638106
1210000, 9084796.4758, 4, 2.46986080461779, 5020419.3994, 1.34835851706792
1220000, 6765388.7598, 4, 2.42185391912211, 5061910.4688, 1.30470814920432
1230000, 7395707.1707, 4, 2.43723348067886, 5103401.5382, 1.32146089624279
1240000, 8937111.5247, 4, 2.46810790893883, 5144892.6076, 1.34293800724796
1250000, 5769185.3651, 5, 2.39337540731227, 5186383.677, 1.28402219973143
1260000, 6637217.0215, 4, 2.41868511660075, 5227874.7464, 1.31038421160312
1270000, 8556332.6087, 4, 2.46187676096576, 5269365.8159, 1.34006804706815
1280000, 8279554.4266, 4, 2.45697491666007, 5310856.8853, 1.33482145890779
1290000, 7966494.4898, 4, 2.45072175583727, 5352347.9547, 1.33391857733959
1300000, 8413141.7799, 4, 2.45967125302418, 5393839.0241, 1.34074365325389
1310000, 5992696.7019, 4, 2.40243625593119, 5435330.0935, 1.29319212750775
1320000, 5799932.6693, 4, 2.3965483044862, 5476821.1629, 1.28876443869763
1330000, 7793646.2861, 4, 2.44816655959178, 5518312.2324, 1.33051741854468
1340000, 7772755.4095, 4, 2.44789434122635, 5559803.3018, 1.3313634344683
1350000, 6164844.7571, 5, 2.4089457741377, 5601294.3712, 1.29762525674171
1360000, 7104320.4622, 4, 2.43351501853919, 5642785.4406, 1.31987714711446
1370000, 6201109.8792, 4, 2.41034967319784, 5684276.51, 1.29953741838662
1380000, 7512257.4294, 4, 2.44325950994924, 5725767.5794, 1.32718687118774
1390000, 4010863.0611, 5, 2.32896919747142, 5767258.6488, 1.223359657458
1400000, 7303242.4819, 5, 2.43924024752506, 5808749.7183, 1.32153961146627
1410000, 10267231.138, 4, 2.49070144869682, 5850240.7877, 1.36833612929964
1420000, 5981595.4613, 5, 2.40569712425356, 5891731.8571, 1.29407965383449
1430000, 7417699.3121, 5, 2.44263190712726, 5933222.9265, 1.32167598294569
1440000, 7421262.3104, 5, 2.44270466404077, 5974713.9959, 1.32465151099658
1450000, 5241130.1626, 5, 2.382866998509, 6016205.0653, 1.27520057832348
1460000, 3775965.4076, 5, 2.3205954100978, 6057696.1348, 1.21337877532129
1470000, 8163442.6812, 5, 2.45859027201903, 6099187.2042, 1.33591449358598
1480000, 6320304.0317, 5, 2.41693569532532, 6140678.2736, 1.30454418268808
1490000, 6218844.1762, 5, 2.41448817673657, 6182169.343, 1.30321666481161
1500000, 5147933.2608, 5, 2.38128972287023, 6223660.4124, 1.27301038670774
1510000, 5904739.8271, 5, 2.40587189676911, 6265151.4818, 1.29675218601999
1520000, 5367829.5583, 5, 2.38945849855769, 6306642.5513, 1.28066175965751
1530000, 8874685.7621, 5, 2.47204706042792, 6348133.6207, 1.34518370280483
1540000, 8102363.719, 5, 2.45883803582903, 6389624.6901, 1.33387987988721
1550000, 5466157.1248, 5, 2.39377402156419, 6431115.7595, 1.28523379336858
1560000, 6989781.0527, 5, 2.43593139169156, 6472606.8289, 1.31823338390093
1570000, 9617046.8793, 5, 2.48431539644172, 6514097.8983, 1.35485338261793
1580000, 5966752.9755, 5, 2.41020783620235, 6555588.9678, 1.29691042569777
1590000, 9558008.0803, 4, 2.48360146943145, 6597080.0372, 1.35751412749956
1600000, 6586516.495, 5, 2.42701156229968, 6638571.1066, 1.31429054756426
1610000, 7000725.5783, 6, 2.43769124437678, 6680062.176, 1.31512881610556
1620000, 4742226.0122, 6, 2.37145169177323, 6721553.2454, 1.26330510150885
1630000, 7290199.8716, 5, 2.44486362613897, 6763044.3148, 1.31674233531181
1640000, 5559189.3902, 5, 2.39949172727224, 6804535.3843, 1.29174167573928
1650000, 10514468.1383, 5, 2.49761626574974, 6846026.4537, 1.36262356574453
1660000, 6001796.6217, 5, 2.41354086772745, 6887517.5231, 1.29951457245865
1670000, 5505493.2538, 5, 2.39926306868032, 6929008.5925, 1.2877664152216
1680000, 7288214.7788, 6, 2.44563744436455, 6970499.6619, 1.32154080202874
1690000, 8068079.3613, 5, 2.46093877904089, 7011990.7313, 1.34021248883756
1700000, 5203455.3374, 5, 2.39056588264162, 7053481.8007, 1.28129594134961
1710000, 6647930.1277, 5, 2.43155285354227, 7094972.8702, 1.31651961248736
1720000, 7686839.7634, 5, 2.45453045879436, 7136463.9396, 1.33160008850484
1730000, 5932240.6417, 5, 2.41344801239598, 7177955.009, 1.30200365766174
1740000, 8211278.7621, 6, 2.46469760287711, 7219446.0784, 1.33770791026087
1750000, 8121900.6298, 5, 2.46297875453962, 7260937.1478, 1.34290462775372
1760000, 4051717.3108, 6, 2.34954692951586, 7302428.2172, 1.24166390509272
1770000, 10574153.5835, 5, 2.49979944526936, 7343919.2867, 1.363405923831
1780000, 7399197.2124, 5, 2.44998568430167, 7385410.3561, 1.32961070989544
1790000, 8057009.8891, 6, 2.463111765011, 7426901.4255, 1.33283571690821
1800000, 4692147.4598, 6, 2.37672162147807, 7468392.4949, 1.26631580669369
1810000, 6015824.2837, 6, 2.41850265722164, 7509883.5643, 1.30023106641943
1820000, 8065468.2406, 6, 2.46365862142938, 7551374.6337, 1.33669460442177
1830000, 6723021.7443, 6, 2.43674620768162, 7592865.7032, 1.31348508893267
1840000, 8052498.7684, 6, 2.46372658056282, 7634356.7726, 1.33849988619318
1850000, 7758133.8971, 6, 2.45844373001333, 7675847.842, 1.33569084332014
1860000, 5936419.641, 6, 2.41744369397327, 7717338.9114, 1.30321602966395
1870000, 6283271.4027, 6, 2.42697423241436, 7758829.9808, 1.30918604571187
1880000, 8777318.4006, 6, 2.47673696135748, 7800321.0502, 1.3457782205978
1890000, 9265824.7743, 5, 2.48406792436978, 7841812.1197, 1.35634333870737
1900000, 7591430.8731, 6, 2.45636534359193, 7883303.1891, 1.33184743021891
1910000, 4323130.2966, 7, 2.3671472268048, 7924794.2585, 1.25700546825297
1920000, 10274264.7471, 5, 2.4980725264071, 7966285.3279, 1.36532706029111
1930000, 9820696.8168, 6, 2.49241064296394, 8007776.3973, 1.35956348731462
1940000, 4924009.2985, 7, 2.38991274395309, 8049267.4667, 1.27712164053449
1950000, 7680528.2641, 7, 2.45941505267616, 8090758.5362, 1.32614518840919
1960000, 7310182.3915, 6, 2.4520596781693, 8132249.6056, 1.33076580549514
1970000, 8691747.3405, 6, 2.47681454509871, 8173740.675, 1.34838808083828
1980000, 9273675.6124, 6, 2.48581971318027, 8215231.7444, 1.34930260171166
1990000, 7676922.0317, 6, 2.45993187786695, 8256722.8138, 1.33199253026837
2000000, 5637719.8167, 6, 2.41324750848244, 8298213.8832, 1.30086044202523
2010000, 6893085.9716, 6, 2.44454796616027, 8339704.9526, 1.3233028933409
2020000, 5128095.8894, 6, 2.39898710772049, 8381196.0221, 1.28805471636824
2030000, 5285606.4869, 7, 2.40490056190087, 8422687.0915, 1.28666643422289
2040000, 6606700.5749, 6, 2.43895885273184, 8464178.1609, 1.31744214354208
2050000, 6664233.4567, 6, 2.44053550640043, 8505669.2303, 1.3198034622094
2060000, 5818497.8368, 6, 2.41984366778602, 8547160.2997, 1.30688330089471
2070000, 8391730.7935, 6, 2.47373144070659, 8588651.3691, 1.34403515103952
2080000, 6466805.2474, 7, 2.43678759899285, 8630142.4386, 1.31632489949008
2090000, 6067596.4757, 7, 2.4276410650771, 8671633.508, 1.30647040700598
2100000, 5264334.5366, 7, 2.40639237045522, 8713124.5774, 1.28679905022345
2110000, 7314065.75, 7, 2.45550632964177, 8754615.6468, 1.32788900217791
2120000, 5881333.6836, 7, 2.4235257649699, 8796106.7162, 1.30575735649392
2130000, 4704897.6775, 7, 2.3891250529175, 8837597.7856, 1.27741337322936
2140000, 4835731.6327, 7, 2.3943170482111, 8879088.8551, 1.27985933323328
2150000, 6290497.4783, 7, 2.43446844994891, 8920579.9245, 1.31369965854638
2160000, 4833593.2308, 7, 2.39469603873429, 8962070.9939, 1.28207372881867
2170000, 6290153.1439, 7, 2.43482267441733, 9003562.0633, 1.31505283813079
2180000, 7449103.6509, 7, 2.45963791604562, 9045053.1327, 1.32843090180974
2190000, 5323564.1482, 7, 2.41068396231654, 9086544.2021, 1.29196545840929
2200000, 7046982.8754, 6, 2.45164051431976, 9128035.2716, 1.33240549665046
2210000, 6477747.0121, 7, 2.44004605391559, 9169526.341, 1.32138731325023
2220000, 11305882.5355, 6, 2.51321523394504, 9211017.4104, 1.37653717463293
2230000, 8328201.0404, 6, 2.47538070760504, 9252508.4798, 1.34783538642374
2240000, 4475634.7774, 7, 2.38549656314384, 9293999.5492, 1.27248997298928
2250000, 5233998.4791, 7, 2.40969620255428, 9335490.6186, 1.29365973890197
2260000, 5710039.546, 7, 2.42317696347128, 9376981.6881, 1.30295585439255
2270000, 4594457.0357, 7, 2.39068138269346, 9418472.7575, 1.27652249373464
2280000, 3415369.3247, 8, 2.34635100983284, 9459963.8269, 1.23340338903914
2290000, 5966627.3693, 7, 2.43023382517511, 9501454.8963, 1.31041705266197
2300000, 6890517.7739, 7, 2.45101766075792, 9542945.9657, 1.32680508071164
2310000, 7008213.4034, 7, 2.45320866204109, 9584437.0351, 1.33144470649973
2320000, 6205697.5008, 7, 2.43668515739063, 9625928.1046, 1.31443060001756
2330000, 4105887.1727, 8, 2.37601249436334, 9667419.174, 1.26246357457989
2340000, 7318293.1917, 7, 2.46031530138942, 9708910.2434, 1.33011087187999
2350000, 5993180.9122, 7, 2.43236119585069, 9750401.3128, 1.31245484008419
2360000, 5245653.0825, 8, 2.41364448344734, 9791892.3822, 1.2957367837621
2370000, 8682312.0428, 7, 2.48308028515338, 9833383.4516, 1.34979885305336
2380000, 3882752.6499, 8, 2.36989747591619, 9874874.521, 1.25780085305881
2390000, 4396736.9278, 8, 2.38873659915307, 9916365.5905, 1.27215244424666
2400000, 6393512.4495, 7, 2.44275505412661, 9957856.6599, 1.32143640781082
2410000, 5130241.2968, 7, 2.4116404964512, 9999347.7293, 1.2931219656544
2420000, 6412294.4394, 7, 2.44333821116206, 10040838.7987, 1.3262782652051
2430000, 3668043.4548, 8, 2.36324865976623, 10082329.8681, 1.2527503922849
2440000, 3989538.4504, 8, 2.37615942016163, 10123820.9375, 1.26202651635479
2450000, 11854590.8281, 7, 2.52130867333727, 10165312.007, 1.37253804002427
2460000, 5473500.792, 7, 2.42225869453539, 10206803.0764, 1.30573615919594
2470000, 5018790.671, 8, 2.41059473156284, 10248294.1458, 1.29264556265649
2480000, 6746315.7232, 7, 2.45194310329018, 10289785.2152, 1.32693488930904
2490000, 7059334.3095, 7, 2.45821684635936, 10331276.2846, 1.33208601456565
2500000, 7422616.2694, 7, 2.46518907609415, 10372767.354, 1.33642209365697
2510000, 4666931.6401, 8, 2.40113669640807, 10414258.4235, 1.28725084281568
2520000, 10242072.5723, 7, 2.50534055416885, 10455749.4929, 1.36760258358646
2530000, 6303477.6451, 8, 2.44387968586372, 10497240.5623, 1.31958842280109
2540000, 5197188.5486, 8, 2.41744617581401, 10538731.6317, 1.29729499348669
2550000, 5604510.3897, 8, 2.42769013198786, 10580222.7011, 1.31185054591939
2560000, 4473078.391, 9, 2.39725030135309, 10621713.7705, 1.27857958656792
2570000, 6717796.2377, 7, 2.45338720650514, 10663204.84, 1.32665460728538
2580000, 7716633.3101, 7, 2.47173045084035, 10704695.9094, 1.34031005917882
2590000, 4688311.896, 8, 2.40445736482981, 10746186.9788, 1.28798022645562
2600000, 5158908.9286, 8, 2.41786043056881, 10787678.0482, 1.30151989660269
2610000, 6404167.0502, 8, 2.44797789725325, 10829169.1176, 1.3205636650722
2620000, 5097648.7343, 8, 2.4169327287871, 10870660.187, 1.29976889415099
2630000, 5948034.6096, 8, 2.43865593920514, 10912151.2565, 1.31359936900115
2640000, 7694520.5659, 7, 2.47207666176701, 10953642.3259, 1.34672311506395
2650000, 5946164.1679, 8, 2.43860699414412, 10995133.3953, 1.31925916754557
2660000, 7215932.6738, 7, 2.46447658750245, 11036624.4647, 1.3378776300471
2670000, 2988257.4035, 10, 2.34574464911875, 11078115.5341, 1.23275520269262
2680000, 5144584.9419, 8, 2.42003682730759, 11119606.6035, 1.30135242696509
2690000, 7705283.812, 8, 2.47356482129672, 11161097.6729, 1.33580935801813
2700000, 5819487.3689, 9, 2.43740238322521, 11202588.7424, 1.31021251625974
2710000, 4879444.5382, 8, 2.41374261142727, 11244079.8118, 1.29518539109644
2720000, 3513818.7837, 9, 2.36958527363941, 11285570.8812, 1.25461120660357
2730000, 7581381.9061, 8, 2.47202751182978, 11327061.9506, 1.34288879892054
2740000, 10161690.8915, 7, 2.50725948103621, 11368553.02, 1.36270833142804
2750000, 4638529.556, 9, 2.4083008174549, 11410044.0894, 1.29085099107287
2760000, 5989666.7399, 8, 2.44219132339553, 11451535.1589, 1.32151333581779
2770000, 7021483.4003, 8, 2.46286787737318, 11493026.2283, 1.33581873287934
2780000, 6146560.6908, 9, 2.44641285282886, 11534517.2977, 1.31816653148343
2790000, 6891480.519, 8, 2.46103481621913, 11576008.3671, 1.33570053144761
2800000, 4643528.8197, 9, 2.40961998551574, 11617499.4365, 1.29361428200992
2810000, 5650749.7916, 8, 2.43574373475818, 11658990.5059, 1.31706418685753
2820000, 4204425.821, 9, 2.39717375544473, 11700481.5754, 1.28131231583631
2830000, 3339119.596, 10, 2.36755371564937, 11741972.6448, 1.25064570055014
2840000, 5586346.0659, 8, 2.43538137037003, 11783463.7142, 1.31060437432246
2850000, 5230367.8504, 9, 2.42706046616551, 11824954.7836, 1.30528997027452
2860000, 3866331.1832, 9, 2.38768644934604, 11866445.853, 1.27386041231612
2870000, 6879983.4558, 8, 2.46255923526837, 11907936.9224, 1.33371124218357
2880000, 3538411.3587, 9, 2.37655152353701, 11949427.9919, 1.26501340114527
2890000, 6591868.2795, 9, 2.45764785747037, 11990919.0613, 1.32740254766858
2900000, 9378881.6467, 8, 2.50014376392073, 12032410.1307, 1.3604363910955
2910000, 4560620.4982, 9, 2.41065911866342, 12073901.2001, 1.29443604038179
2920000, 5754657.5263, 8, 2.44069435235294, 12115392.2695, 1.32048410548045
2930000, 2865388.0469, 10, 2.3524508608248, 12156883.3389, 1.24102290678678
2940000, 2486194.8416, 11, 2.33602253530727, 12198374.4084, 1.22393380558935
2950000, 7222237.7737, 8, 2.46992421010792, 12239865.4778, 1.34002409128687
2960000, 7475265.8863, 8, 2.47413129393215, 12281356.5472, 1.3467403542978
2970000, 6529407.4415, 8, 2.4578268200601, 12322847.6166, 1.33306344980207
2980000, 3322196.6796, 10, 2.37255714756178, 12364338.686, 1.25716832212078
2990000, 8343643.7135, 8, 2.48792004061183, 12405829.7554, 1.35135594015619
3000000, 3148392.8771, 10, 2.36665287898436, 12447320.8249, 1.25327340906754
3010000, 3733989.5897, 10, 2.38876607890157, 12488811.8943, 1.2716908595794
3020000, 8247273.1761, 8, 2.48711780585989, 12530302.9637, 1.34810978773296
3030000, 5009823.7287, 9, 2.42615061537397, 12571794.0331, 1.30501218149866
3040000, 4813700.5993, 9, 2.42147279594334, 12613285.1025, 1.30235273253848
3050000, 6038026.4488, 9, 2.45018296896874, 12654776.1719, 1.32200290157243
3060000, 7556785.4528, 8, 2.47708157272207, 12696267.2413, 1.34920651641071
3070000, 2309950.7, 11, 2.33418648199006, 12737758.3108, 1.22132785259836
3080000, 7061691.8472, 8, 2.46951799164394, 12779249.3802, 1.34123158532931
3090000, 4157764.961, 10, 2.40480119042226, 12820740.4496, 1.28501210236114
3100000, 5677452.976, 9, 2.44357539868455, 12862231.519, 1.31895749734304
3110000, 4604663.5212, 10, 2.41834192783839, 12903722.5884, 1.29374651218038
3120000, 5610098.8509, 10, 2.44284589744205, 12945213.6578, 1.31385648077398
3130000, 5978731.2263, 8, 2.45007913979266, 12986704.7273, 1.33002211381231
3140000, 6063588.9439, 9, 2.4523838851294, 13028195.7967, 1.32703930421373
3150000, 3877915.5154, 10, 2.39843917168807, 13069686.8661, 1.27925478098656
3160000, 6199034.774, 9, 2.45551391050449, 13111177.9355, 1.32984976249153
3170000, 4504336.551, 9, 2.41671692161171, 13152669.0049, 1.29930452084161
3180000, 8583798.4043, 9, 2.49394251203697, 13194160.0743, 1.35286839051988
3190000, 4019374.4534, 10, 2.40396511804397, 13235651.1438, 1.28387378553166
3200000, 4058065.6447, 10, 2.40544646333423, 13277142.2132, 1.28570334435153
3210000, 6142685.2153, 9, 2.45536869586374, 13318633.2826, 1.33003685324291
3220000, 4929864.041, 10, 2.42942632601997, 13360124.352, 1.30772445865849
3230000, 8809463.5875, 8, 2.49731123309451, 13401615.4214, 1.36294907564204
3240000, 4291148.3839, 11, 2.41343975549306, 13443106.4908, 1.2902752346
3250000, 4879220.8684, 9, 2.428641029665, 13484597.5603, 1.30870606547515
3260000, 6540479.9105, 9, 2.46387213314822, 13526088.6297, 1.33621911816883
3270000, 3427662.1459, 10, 2.38727880722836, 13567579.6991, 1.27160979880115
3280000, 5486764.7319, 9, 2.44355788621316, 13609070.7685, 1.31668561822479
3290000, 5258964.5026, 10, 2.43926802753295, 13650561.8379, 1.30677285521806
3300000, 2387018.0053, 12, 2.3490845666306, 13692052.9073, 1.23474142986249
3310000, 2125090.6355, 12, 2.33727439625073, 13733543.9768, 1.22263528254705
3320000, 3546148.8607, 10, 2.39299263748884, 13775035.0462, 1.27540247503284
3330000, 5412213.675, 10, 2.44331120906848, 13816526.1156, 1.31692999170867
3340000, 6606499.6703, 9, 2.46678959801021, 13858017.185, 1.33491346153011
3350000, 6210357.0854, 10, 2.45986824025524, 13899508.2544, 1.32728286977465
3360000, 8282020.2514, 9, 2.49232721756559, 13940999.3238, 1.35627688252129
3370000, 4288181.4601, 11, 2.41721377309985, 13982490.3932, 1.29420464262991
3380000, 4715606.7561, 11, 2.42870917108531, 14023981.4627, 1.30386553153532
3390000, 5484208.2907, 10, 2.44606013117715, 14065472.5321, 1.32050173547373
3400000, 5099609.6606, 10, 2.43844382720323, 14106963.6015, 1.3090300436461
3410000, 2087543.4759, 13, 2.34125563166715, 14148454.6709, 1.22977280035004
3420000, 3919489.5213, 11, 2.40813623960045, 14189945.7403, 1.28883659727065
3430000, 6429503.4396, 9, 2.46503917196713, 14231436.8097, 1.33729406952879
3440000, 2695726.4645, 12, 2.36815786794216, 14272927.8792, 1.25301642698579
3450000, 4771261.5469, 10, 2.4312694228258, 14314418.9486, 1.31026362337869
3460000, 3714741.6367, 11, 2.40307452617796, 14355910.018, 1.28848216946359
3470000, 7293806.5202, 10, 2.48027801806644, 14397401.0874, 1.34162257581725
3480000, 4622869.1897, 10, 2.42852476797407, 14438892.1568, 1.30887609783215
3490000, 7788535.1851, 9, 2.48763021727171, 14480383.2262, 1.35303498817638
3500000, 5585069.2688, 10, 2.4506402467343, 14521874.2957, 1.32237423104463
3510000, 4523463.4062, 11, 2.42711084654723, 14563365.3651, 1.29876312768203
3520000, 4584676.3546, 11, 2.42895333756936, 14604856.4345, 1.3033625573477
3530000, 4641741.1862, 10, 2.43003608136746, 14646347.5039, 1.31027337806275
3540000, 4446376.5454, 11, 2.42605528364246, 14687838.5733, 1.30175499436794
3550000, 5450096.4138, 10, 2.44905684604522, 14729329.6427, 1.32138941978656
3560000, 7223753.3608, 10, 2.4806296233601, 14770820.7122, 1.34331607968404
3570000, 4934940.1706, 10, 2.43822612934277, 14812311.7816, 1.31349219096036
3580000, 8736980.1215, 9, 2.50094694253297, 14853802.851, 1.36382560059705
3590000, 4105205.4618, 11, 2.41850432211395, 14895293.9204, 1.29660601045055
3600000, 4238319.4351, 11, 2.42226934238483, 14936784.9898, 1.29983940680112
3610000, 5227961.4099, 10, 2.44585822278299, 14978276.0592, 1.3181524617942
3620000, 7518503.0124, 9, 2.48597929324547, 15019767.1287, 1.3445472997207
3630000, 4495656.9019, 11, 2.429583447161, 15061258.1981, 1.30671216828608
3640000, 6099376.671, 10, 2.46325780267303, 15102749.2675, 1.33494389963751
3650000, 3326573.2289, 12, 2.39793028942843, 15144240.3369, 1.27760765596288
3660000, 3711457.385, 11, 2.40960989756135, 15185731.4063, 1.28802474001334
3670000, 3974088.355, 12, 2.41772327472885, 15227222.4757, 1.29185616982755
3680000, 6893878.5496, 10, 2.47743542454113, 15268713.5452, 1.34147973817447
3690000, 7563887.7354, 9, 2.48729389649781, 15310204.6146, 1.35432324164997
3700000, 7554687.605, 9, 2.48723362497874, 15351695.684, 1.35528296378156
3710000, 5574049.198, 10, 2.45487904793961, 15393186.7534, 1.32736054147452
3720000, 5290557.9991, 11, 2.4495092352, 15434677.8228, 1.32166850503228
3730000, 4452835.9446, 11, 2.43134953510504, 15476168.8922, 1.30374754107463
3740000, 3154876.8042, 12, 2.39545356828203, 15517659.9616, 1.27568998624748
3750000, 4987139.268, 11, 2.44375303146867, 15559151.0311, 1.31661343954375
3760000, 4040625.0971, 11, 2.42178456332716, 15600642.1005, 1.29346261053323
3770000, 5341292.367, 10, 2.45157625215579, 15642133.1699, 1.32347073943543
3780000, 4251756.8294, 11, 2.42757935742339, 15683624.2393, 1.30426755926283
3790000, 5473629.0803, 11, 2.45450982475919, 15725115.3087, 1.32761478205637
3800000, 3323735.6861, 12, 2.40275570826338, 15766606.3781, 1.28278282278704
3810000, 5067931.5934, 11, 2.44671180456676, 15808097.4476, 1.32172831954068
3820000, 4811550.6626, 11, 2.44172212901489, 15849588.517, 1.31345063350567
3830000, 5030615.2796, 11, 2.44635015818752, 15891079.5864, 1.32133216293469
3840000, 3091163.4375, 12, 2.39672873289209, 15932570.6558, 1.2796305949967
3850000, 5700839.5872, 10, 2.46014224590412, 15974061.7252, 1.33137324135508
3860000, 6715459.749, 10, 2.47760156307242, 16015552.7946, 1.34413668491452
3870000, 5242290.256, 11, 2.45223607388583, 16057043.8641, 1.31626826695263
3880000, 6625286.4466, 11, 2.47669180796527, 16098534.9335, 1.33923610408879
3890000, 2963522.3236, 12, 2.3945644869031, 16140026.0029, 1.2763285086561
3900000, 5299869.4743, 11, 2.45370043837928, 16181517.0723, 1.32287087015473
3910000, 4255421.1442, 12, 2.43108093733762, 16223008.1417, 1.30311562485012
3920000, 4035400.3254, 11, 2.42554781533287, 16264499.2111, 1.3049510582679
3930000, 3242686.915, 12, 2.40435223574025, 16305990.2806, 1.28376723928838
3940000, 7998752.5432, 10, 2.49682667394625, 16347481.35, 1.35533012747614
3950000, 5587907.7315, 11, 2.46005862034838, 16388972.4194, 1.32863189012138
3960000, 3269460.4846, 12, 2.40611930621468, 16430463.4888, 1.28695233474483
3970000, 5946118.8736, 11, 2.46707617666577, 16471954.5582, 1.33235660628855
3980000, 1792770.3036, 14, 2.35516246481623, 16513445.6276, 1.23879927175328
3990000, 5306795.178, 11, 2.45535963962665, 16554936.6971, 1.32873251347201
4000000, 5143693.5332, 11, 2.45266218467125, 16596427.7665, 1.32481405391582
4010000, 5527227.5226, 11, 2.46000767977936, 16637918.8359, 1.33343735504633
4020000, 3230451.5609, 12, 2.40676581844024, 16679409.9053, 1.2861942154856
4030000, 4943463.9648, 12, 2.44958378994549, 16720900.9747, 1.31710436147785
4040000, 3967466.8317, 12, 2.42754753034268, 16762392.0441, 1.30211859814166
4050000, 8907295.3455, 9, 2.50866305033874, 16803883.1135, 1.37077757568685
4060000, 4396589.6145, 11, 2.43783214697712, 16845374.183, 1.31448106483144
4070000, 7754671.2504, 10, 2.49565273689739, 16886865.2524, 1.3530144617445
4080000, 4665235.956, 12, 2.44456324515998, 16928356.3218, 1.31578617223786
4090000, 6182060.185, 11, 2.47310389464622, 16969847.3912, 1.34031733518846
4100000, 4662001.1253, 12, 2.44493896035389, 17011338.4606, 1.31816959669953
4110000, 2929405.5044, 13, 2.40066418371996, 17052829.53, 1.2844879351116
4120000, 2905903.7637, 13, 2.40037646205158, 17094320.5995, 1.28108023189445
4130000, 4930204.7506, 11, 2.45097883206743, 17135811.6689, 1.32432260516447
4140000, 3647277.7771, 12, 2.42214209075731, 17177302.7383, 1.2980287610644
4150000, 3669209.5592, 12, 2.4226689516208, 17218793.8077, 1.30067413595372
4160000, 2585863.1918, 13, 2.3915321022609, 17260284.8771, 1.27157505196236
4170000, 2759980.044, 13, 2.39779257162136, 17301775.9465, 1.27591475619243
4180000, 4545369.674, 11, 2.44375752219646, 17343267.016, 1.32080615314448
4190000, 5662083.2695, 11, 2.46620971658613, 17384758.0854, 1.33216037316577
4200000, 3658927.3716, 12, 2.4238210526595, 17426249.1548, 1.30236168037963
4210000, 3704557.4674, 12, 2.42509583012431, 17467740.2242, 1.30437449321657
4220000, 2639302.1519, 13, 2.39535896519696, 17509231.2936, 1.27739054344702
4230000, 6127437.134, 11, 2.4745015222698, 17550722.363, 1.34031839276413
4240000, 2527553.9312, 14, 2.39260004510251, 17592213.4325, 1.27428451142664
4250000, 5848704.1468, 11, 2.47014541274798, 17633704.5019, 1.34229013830161
4260000, 3183396.6102, 13, 2.41309298164207, 17675195.5713, 1.2890863293169
4270000, 4710325.7506, 12, 2.4496559870133, 17716686.6407, 1.32277239061819
4280000, 4625073.2636, 12, 2.44820625680395, 17758177.7101, 1.32179806785268
4290000, 3604481.938, 12, 2.42462804494395, 17799668.7795, 1.30242793499215
4300000, 5440167.1541, 11, 2.464104154063, 17841159.849, 1.3327933023349
4310000, 7758985.4977, 10, 2.49864595066407, 17882650.9184, 1.35932114959534
4320000, 4037734.3741, 12, 2.43596894379457, 17924141.9878, 1.31343341920574
4330000, 3812453.1975, 12, 2.43123000112637, 17965633.0572, 1.30445350813135
4340000, 1940468.2806, 14, 2.3758388130007, 18007124.1266, 1.25856497855543
4350000, 2359081.4953, 14, 2.39090057970145, 18048615.196, 1.27061245547672
4360000, 2888948.1229, 13, 2.40734653180399, 18090106.2654, 1.28624660017417
4370000, 7616890.8361, 10, 2.49762485527713, 18131597.3349, 1.35926790519052
4380000, 3153013.4265, 12, 2.41545385251182, 18173088.4043, 1.29349093910667
4390000, 1875908.435, 15, 2.3755798474048, 18214579.4737, 1.26094460062288
4400000, 1513632.549, 15, 2.36219863112153, 18256070.5431, 1.24504927224757
4410000, 3641271.618, 13, 2.42920344788794, 18297561.6125, 1.30536029632189
4420000, 5667617.4915, 11, 2.47031123398518, 18339052.6819, 1.33993626576867
4430000, 2835284.9007, 13, 2.40816036504142, 18380543.7514, 1.28689321789045
4440000, 4515226.8057, 12, 2.4492450781591, 18422034.8208, 1.32232438824779
4450000, 3200515.6012, 13, 2.41879699242728, 18463525.8902, 1.29686445711683
4460000, 5246468.5199, 12, 2.46391882596612, 18505016.9596, 1.33244723956512
4470000, 6448087.0464, 11, 2.48349486177294, 18546508.029, 1.34712257140325
4480000, 4579165.9829, 12, 2.45172636173395, 18587999.0984, 1.32126767938377
4490000, 5931638.1217, 11, 2.47581721377529, 18629490.1679, 1.34299885606323
4500000, 5299962.881, 12, 2.46561318199476, 18670981.2373, 1.33339695286951
4510000, 2687418.2547, 14, 2.40668985256479, 18712472.3067, 1.28078688633066
4520000, 3381145.5476, 13, 2.4253043798255, 18753963.3761, 1.30323527937719
4530000, 1496362.5135, 15, 2.36622727598772, 18795454.4455, 1.25130040104168
4540000, 2081540.2563, 14, 2.3881863979317, 18836945.5149, 1.27289465391038
4550000, 3359282.6764, 13, 2.42567562817795, 18878436.5844, 1.30380388342218
4560000, 4233656.3129, 13, 2.44639442256727, 18919927.6538, 1.31737964404135
4570000, 4135516.7981, 13, 2.4444065845231, 18961418.7232, 1.31759806053059
4580000, 8932656.1865, 10, 2.51496584695098, 19002909.7926, 1.37274040114312
4590000, 3021305.2784, 13, 2.41799752218267, 19044400.862, 1.29379223948885
4600000, 3850378.1452, 13, 2.43923558175559, 19085891.9314, 1.30735686086838
4610000, 3344091.9531, 13, 2.42735958835274, 19127383.0009, 1.29970664723146
4620000, 3871992.4914, 13, 2.43988561733874, 19168874.0703, 1.3137280261376
4630000, 7486403.5385, 10, 2.49937408978123, 19210365.1397, 1.36306500378617
4640000, 2822276.8809, 13, 2.41395133682009, 19251856.2091, 1.29548870906863
4650000, 3138655.9322, 13, 2.42256664611642, 19293347.2785, 1.30310358933584
4660000, 3893413.1835, 13, 2.44119287530247, 19334838.3479, 1.31307538009802
4670000, 4353543.9354, 12, 2.45082247366475, 19376329.4174, 1.32606891548508
4680000, 3515652.3854, 13, 2.43278043237028, 19417820.4868, 1.31128554850818
4690000, 3547736.7751, 13, 2.43424860231793, 19459311.5562, 1.307712517781
4700000, 327615.7223, 18, 2.32284282307799, 19500802.6256, 1.20777174910998
4710000, 4749005.3418, 12, 2.45954538741283, 19542293.695, 1.32943033999942
4720000, 1426578.1633, 15, 2.37129948623145, 19583784.7644, 1.25645141587012
4730000, 3954173.1461, 12, 2.44406526021477, 19625275.8338, 1.31825073834495
4740000, 3029265.9797, 14, 2.42281627984733, 19666766.9033, 1.2963987267129
4750000, 1313841.0175, 16, 2.36887033604009, 19708257.9727, 1.25320872819373
4760000, 7060941.1429, 11, 2.49615220821631, 19749749.0421, 1.35514459144198
4770000, 5874692.7879, 11, 2.47953283337636, 19791240.1115, 1.34646200741751
4780000, 3974944.0214, 13, 2.4458118689265, 19832731.1809, 1.31591187343962
4790000, 1712719.8451, 16, 2.38527660475908, 19874222.2503, 1.26553190666802
4800000, 2340643.6883, 14, 2.40520876082893, 19915713.3198, 1.2866187906335
4810000, 3367639.3141, 14, 2.43319567023103, 19957204.3892, 1.30630647981234
4820000, 2896669.4636, 13, 2.42098772926576, 19998695.4586, 1.30199368380742
4830000, 3529728.3419, 13, 2.43730939723071, 20040186.528, 1.31017271414193
4840000, 853574.7354, 17, 2.35409459743386, 20081677.5974, 1.24058730155814
4850000, 3059909.7433, 14, 2.42637229685299, 20123168.6668, 1.29970202757016
4860000, 1917656.4121, 15, 2.3942042040361, 20164659.7363, 1.27440317476924
4870000, 1105570.7595, 16, 2.36552081366273, 20206150.8057, 1.24955195014128
4880000, 4444571.8716, 13, 2.45730983219113, 20247641.8751, 1.32738226694833
4890000, 9705358.7279, 11, 2.52536870202079, 20289132.9445, 1.37553456359731
4900000, 6112744.8664, 12, 2.48531340981059, 20330624.0139, 1.34846742654694
4910000, 524242.6532, 18, 2.34326870466674, 20372115.0833, 1.22961587279151
4920000, 4252488.2669, 13, 2.4542983843375, 20413606.1528, 1.32598728654697
4930000, 1579095.5934, 16, 2.38559606241271, 20455097.2222, 1.26818661080074
4940000, 2793307.4559, 14, 2.42210055392587, 20496588.2916, 1.29384120614216
4950000, 1599927.1929, 16, 2.38727355671433, 20538079.361, 1.26543972994576
4960000, 5896028.4027, 12, 2.48293212608074, 20579570.4304, 1.34685422048479
4970000, 5114592.2797, 13, 2.47107689666136, 20621061.4998, 1.33622297994468
4980000, 2226894.8752, 14, 2.40748502726948, 20662552.5693, 1.28763706768187
4990000, 2773371.3188, 14, 2.42280396762979, 20704043.6387, 1.30074684441619
5000000, 1188068.088, 16, 2.37400357580121, 20745534.7081, 1.25613111149642
5010000, 2523520.034, 14, 2.4167225026602, 20787025.7775, 1.29474264908136
5020000, 3800666.0876, 13, 2.44755687862013, 20828516.8469, 1.31892519318132
5030000, 1729275.8873, 15, 2.39379477822243, 20870007.9163, 1.27532151003703
5040000, 3580439.9537, 13, 2.44328106875943, 20911498.9857, 1.31667975079361
5050000, 2853374.7183, 14, 2.42660769482437, 20952990.0552, 1.30264059600906
5060000, 3633713.9952, 14, 2.44502640489576, 20994481.1246, 1.31397370617785
5070000, 1281055.0605, 16, 2.38035641764488, 21035972.194, 1.26326010130514
5080000, 1593734.3651, 16, 2.39143308668773, 21077463.2634, 1.27236019793042
5090000, 1462650.0608, 16, 2.38703918368027, 21118954.3328, 1.26682363150855
5100000, 1862643.5205, 15, 2.40063914057697, 21160445.4022, 1.27929225878891
5110000, 5397141.5457, 12, 2.47798615360477, 21201936.4717, 1.34486706772286
5120000, 3220511.7654, 14, 2.4372205113922, 21243427.5411, 1.31018483190349
5130000, 4530530.1216, 13, 2.46364786799614, 21284918.6105, 1.33373604804676
5140000, 2192617.623, 15, 2.41141320928035, 21326409.6799, 1.29193885222113
5150000, 1804211.5705, 15, 2.40036317392032, 21367900.7493, 1.27928159705639
5160000, 5750689.5938, 12, 2.48414245990686, 21409391.8187, 1.34746011211752
5170000, 2357917.2033, 15, 2.41702429277026, 21450882.8882, 1.29401275681739
5180000, 948461.2838, 17, 2.37272637031383, 21492373.9576, 1.25600569332656
5190000, 3886208.0286, 13, 2.45293376280398, 21533865.027, 1.3217801560835
5200000, 1543098.8589, 16, 2.39388331471171, 21575356.0964, 1.27578372025635
5210000, 2998142.1067, 14, 2.43436781218139, 21616847.1658, 1.30506098043764
5220000, 4961265.886, 13, 2.47294180867795, 21658338.2352, 1.33938541313396
5230000, 1654888.0432, 16, 2.39837009236101, 21699829.3047, 1.27924381752256
5240000, 3732773.2387, 14, 2.45109339638677, 21741320.3741, 1.32112634450163
5250000, 881649.3069, 17, 2.37290217714969, 21782811.4435, 1.25490975956955
5260000, 3228093.2751, 14, 2.44113638234535, 21824302.5129, 1.30472046301461
5270000, 2725365.7174, 14, 2.42913803598711, 21865793.5823, 1.30595634865777
5280000, 1527741.4254, 16, 2.39578904740416, 21907284.6517, 1.27674471729436
5290000, 972789.4837, 17, 2.37795313686346, 21948775.7212, 1.25931211350261
5300000, 217265.4212, 19, 2.34755435446181, 21990266.7906, 1.23126221691321
5310000, 890681.6696, 17, 2.37532177594939, 22031757.86, 1.25762677408143
5320000, 4062018.8816, 13, 2.4587766022706, 22073248.9294, 1.33185339938682
5330000, 1124169.6433, 17, 2.38488881981722, 22114739.9988, 1.2636832550803
5340000, 2202107.5008, 15, 2.41785361168453, 22156231.0682, 1.29155516943916
5350000, 3871997.0109, 14, 2.45608383364418, 22197722.1377, 1.32658822989296
5360000, 3361673.231, 14, 2.44589854995277, 22239213.2071, 1.32007081356164
5370000, 2193682.4993, 15, 2.41829559302192, 22280704.2765, 1.29820414585679
5380000, 5083009.4338, 12, 2.47746149317985, 22322195.3459, 1.34295305088246
5390000, 1768411.8255, 16, 2.40740887287559, 22363686.4153, 1.28177798716703
5400000, 4221209.6865, 13, 2.46342536472314, 22405177.4847, 1.331560502618
5410000, 2088860.8066, 16, 2.41704803695744, 22446668.5541, 1.29009988040866
5420000, 4226828.6961, 14, 2.46421727732856, 22488159.6236, 1.32978263013004
5430000, 6982602.9195, 12, 2.50367128741504, 22529650.693, 1.36569143976784
5440000, 3012037.0196, 14, 2.43995141128387, 22571141.7624, 1.31662553103418
5450000, 5699327.6748, 13, 2.48794475372894, 22612632.8318, 1.3465466434358
5460000, 5106866.4084, 13, 2.47921882927354, 22654123.9012, 1.34327543713219
5470000, 1863286.7037, 15, 2.41193112155093, 22695614.9706, 1.29339990980055
5480000, 1779104.7692, 16, 2.4101124316164, 22737106.0401, 1.29031801886466
5490000, -639624.8118, 20, 2.31669210087186, 22778597.1095, 1.20300922963349
5500000, 1815101.184, 16, 2.41212457143106, 22820088.1789, 1.28818332994809
5510000, 1826380.0478, 16, 2.4121389951552, 22861579.2483, 1.29400821158024
5520000, 4758192.902, 13, 2.47511816253894, 22903070.3177, 1.3371552533685
5530000, 2240621.8843, 15, 2.42414525692415, 22944561.3871, 1.29798995612847
5540000, 2996580.6116, 14, 2.44233752858273, 22986052.4566, 1.31183849256935
5550000, 2284710.5275, 15, 2.42590963927703, 23027543.526, 1.29934500848225
5560000, 2177862.4098, 16, 2.42337176853486, 23069034.5954, 1.29812518220208
5570000, 3677031.7776, 14, 2.45669156747661, 23110525.6648, 1.32934276304788
5580000, 4235645.1164, 14, 2.46759075506682, 23152016.7342, 1.32983496527009
5590000, 4550743.1609, 13, 2.47267986585631, 23193507.8036, 1.33939972386475
5600000, 3468025.1347, 14, 2.45347401515353, 23234998.8731, 1.32332361479336
5610000, 1125887.6718, 17, 2.39451888368633, 23276489.9425, 1.27399407625775
5620000, 1836736.5645, 16, 2.41607052408507, 23317981.0119, 1.29572436407357
5630000, 4286207.3501, 13, 2.46893081638028, 23359472.0813, 1.33575987502483
5640000, 4071008.817, 14, 2.46568547307535, 23400963.1507, 1.327757856118
5650000, 792912.0143, 17, 2.38473358874066, 23442454.2201, 1.26671315729499
5660000, 1650455.2725, 16, 2.4121865092513, 23483945.2896, 1.28871430981805
5670000, 3691393.1457, 14, 2.45894124376621, 23525436.359, 1.33096261134383
5680000, 3808899.7195, 14, 2.46135141065124, 23566927.4284, 1.33372100767703
5690000, 33770.0486, 19, 2.35808240512681, 23608418.4978, 1.24131118541943
5700000, 7195528.1385, 13, 2.50950770136528, 23649909.5672, 1.36189429000657
5710000, 2198509.2678, 15, 2.42804193461536, 23691400.6366, 1.29937716862375
5720000, 2677906.5025, 15, 2.43937627752021, 23732891.706, 1.31653018355847
5730000, 2932813.503, 15, 2.44533820929616, 23774382.7755, 1.31568903810021
5740000, 4606224.7393, 14, 2.47637404442085, 23815873.8449, 1.33763720960372
5750000, 217625.7415, 19, 2.36789095692977, 23857364.9143, 1.24958184786942
5760000, 4700538.1222, 14, 2.47797339854216, 23898855.9837, 1.34128204696652
5770000, 2884247.7566, 15, 2.44512972457442, 23940347.0531, 1.31629084235604
5780000, 2425983.2173, 15, 2.43530722046183, 23981838.1225, 1.31123246550259
5790000, 276773.043, 19, 2.37247586059391, 24023329.192, 1.25025415723131
5800000, 1782276.376, 16, 2.41953187377868, 24064820.2614, 1.29909707447869
5810000, 1656570.5436, 16, 2.41656798755319, 24106311.3308, 1.29511036257777
5820000, 3055792.9509, 15, 2.44992931971344, 24147802.4002, 1.31962413275729
5830000, 2154944.302, 16, 2.43004632887996, 24189293.4696, 1.30380509177076
5840000, 3938837.0108, 14, 2.46701377360643, 24230784.539, 1.33261346158277
5850000, 718377.1013, 18, 2.38972984814942, 24272275.6085, 1.2707527319564
5860000, -644313.364, 20, 2.33618291672841, 24313766.6779, 1.22088966349104
5870000, 1015524.8017, 17, 2.40001793417128, 24355257.7473, 1.2780456219674
5880000, -126428.8768, 20, 2.3598837881365, 24396748.8167, 1.24366162145152
5890000, -125087.3448, 20, 2.36032614609237, 24438239.8861, 1.24533639343084
5900000, 1316820.0499, 17, 2.40990116466067, 24479730.9555, 1.28676123258049
5910000, 2972662.7338, 15, 2.44995532746067, 24521222.025, 1.32244789897533
5920000, 3169340.3422, 15, 2.45427154731157, 24562713.0944, 1.32482295817382
5930000, 1550524.8873, 17, 2.4172404405651, 24604204.1638, 1.29573625000181
5940000, 2404190.948, 15, 2.43870111442901, 24645695.2332, 1.31287367489308
5950000, 399782.8348, 18, 2.38255890284592, 24687186.3026, 1.26352795663321
5960000, 2329860.2241, 16, 2.43753752597558, 24728677.372, 1.30883489203046
5970000, 2006674.3286, 16, 2.43006981404653, 24770168.4415, 1.30478866429127
5980000, 2904798.6552, 15, 2.4499586875747, 24811659.5109, 1.32399723461592
5990000, 1301530.5479, 17, 2.41241330054104, 24853150.5803, 1.28617631850476
6000000, 840943.7049, 17, 2.39854311062072, 24894641.6497, 1.28035846649026
6010000, 1835551.3289, 16, 2.42667583393926, 24936132.7191, 1.30357884688811
6020000, 3826608.8745, 14, 2.46820794179555, 24977623.7885, 1.33690477481961
6030000, 4337361.5693, 14, 2.47695943604688, 25019114.8579, 1.3397587954849
6040000, 2528550.353, 15, 2.44371763567769, 25060605.9274, 1.31679275388791
6050000, 2582122.4696, 16, 2.4458835239021, 25102096.9968, 1.30059410231112
6060000, 2320587.7875, 15, 2.4395848923886, 25143588.0662, 1.31375079939734
6070000, 1509596.8983, 16, 2.41990693068887, 25185079.1356, 1.29810735529671
6080000, 700171.6199, 18, 2.39756382283842, 25226570.205, 1.2749849267123
6090000, 737705.397, 18, 2.39826725475332, 25268061.2744, 1.28030848545191
6100000, 2406474.9784, 16, 2.44247432838189, 25309552.3439, 1.31456538141263
6110000, 293450.2249, 19, 2.38494817420739, 25351043.4133, 1.26383909091978
6120000, 4238444.6556, 14, 2.47695607923785, 25392534.4827, 1.34109395568296
6130000, 1560682.4891, 17, 2.42342757061316, 25434025.5521, 1.29769375429208
6140000, -994942.2656, 20, 2.33381461110659, 25475516.6215, 1.22023986783936
6150000, 778757.8903, 18, 2.40213857383031, 25517007.6909, 1.27976334436578
6160000, 1496075.3739, 17, 2.42253374168034, 25558498.7604, 1.29781761970618
6170000, 1168192.6515, 17, 2.41386746077512, 25599989.8298, 1.29022344132547
6180000, 1795634.2981, 16, 2.43012253645686, 25641480.8992, 1.30831843631515
6190000, 833941.633, 18, 2.40505713781564, 25682971.9686, 1.27973212573469
6200000, 2346628.6158, 16, 2.44357097596398, 25724463.038, 1.31526426267324
6210000, 4375021.3952, 14, 2.48036155468962, 25765954.1074, 1.34545264425956
6220000, 1035514.3146, 18, 2.41189081215443, 25807445.1769, 1.28817509936742
6230000, 4108583.5317, 15, 2.47684584903743, 25848936.2463, 1.33639208160261
6240000, 2867017.5413, 15, 2.45531126521582, 25890427.3157, 1.32232541226906
6250000, 4871274.0772, 14, 2.48807219286073, 25931918.3851, 1.35032606289849
6260000, 1703615.5603, 16, 2.43015493383167, 25973409.4545, 1.3058628226281
6270000, 918442.8625, 17, 2.41007758064999, 26014900.5239, 1.28800317063446
6280000, 3320063.9765, 15, 2.46438803897495, 26056391.5934, 1.33006449206957
6290000, 3197859.6108, 15, 2.46237527934939, 26097882.6628, 1.32900334244997
6300000, 6182674.8242, 14, 2.50561655138675, 26139373.7322, 1.35716087600753
6310000, 2109977.0156, 16, 2.44098640806356, 26180864.8016, 1.31129398558911
6320000, 5299183.3027, 14, 2.49491459462725, 26222355.871, 1.35728962156084
6330000, 3030374.4425, 16, 2.46021643853665, 26263846.9404, 1.32517855352672
6340000, 3062152.0311, 15, 2.46111273377239, 26305338.0099, 1.32192986130151
6350000, 5475120.3479, 14, 2.49751241913876, 26346829.0793, 1.35612659587721
6360000, -352067.4449, 20, 2.37157244872659, 26388320.1487, 1.25569533961525
6370000, 1622345.3537, 17, 2.431404337007, 26429811.2181, 1.30393447847057
6380000, 782167.6956, 18, 2.40941136101187, 26471302.2875, 1.28701799775322
6390000, 1196621.1623, 17, 2.42073355260485, 26512793.3569, 1.29949761531957
6400000, 1624697.5581, 17, 2.43195614079039, 26554284.4263, 1.30592611495974
6410000, 3237475.4911, 15, 2.46527976918913, 26595775.4958, 1.33378031769965
6420000, 1467501.218, 17, 2.42889475622044, 26637266.5652, 1.30145936025006
6430000, 1140548.1206, 17, 2.42072916205975, 26678757.6346, 1.29588625788548
6440000, -882140.7964, 20, 2.35307373335879, 26720248.704, 1.23807876552254
6450000, -83271.8092, 20, 2.38486838572478, 26761739.7734, 1.26076829351858
6460000, 1344808.1173, 17, 2.42671133067214, 26803230.8428, 1.30017148765066
6470000, 4010051.8078, 14, 2.47901042884697, 26844721.9123, 1.34550618770187
6480000, 1865243.7076, 17, 2.43969461449101, 26886212.9817, 1.31158966589594
6490000, 1810769.888, 16, 2.4383225194049, 26927704.0511, 1.31489926181991
6500000, 2248974.8557, 16, 2.4484789858993, 26969195.1205, 1.31729279205898
6510000, -535799.2313, 20, 2.37001884651177, 27010686.1899, 1.25398081870521
6520000, 1421823.0165, 17, 2.4302160521078, 27052177.2593, 1.305581101126
6530000, 2076570.1153, 16, 2.44520289357932, 27093668.3288, 1.31698752211538
6540000, 3177781.5861, 15, 2.46681691844335, 27135159.3982, 1.33117331087608
6550000, 6851317.8693, 13, 2.51514836444999, 27176650.4676, 1.37626585387818
6560000, 3504294.4214, 15, 2.4725864946894, 27218141.537, 1.33853107334539
6570000, 161073.2445, 19, 2.39680334037512, 27259632.6064, 1.27337004245632
6580000, 1853078.5019, 17, 2.44166904302523, 27301123.6758, 1.31368801430253
6590000, 1104327.6835, 18, 2.4242867653246, 27342614.7453, 1.29802135639831
6600000, 779731.1679, 18, 2.41555499084531, 27384105.8147, 1.29527154354894
6610000, 2267415.5639, 16, 2.45101725548241, 27425596.8841, 1.32032148948164
6620000, 1101553.7078, 18, 2.42492982286099, 27467087.9535, 1.29696021602991
6630000, -1060111.405, 20, 2.35449599330512, 27508579.0229, 1.23762491610464
6640000, 2659781.3362, 15, 2.45893780753289, 27550070.0923, 1.33031870236056
6650000, -446876.301, 20, 2.37954492989862, 27591561.1618, 1.26018629694687
6660000, 4524536.2044, 14, 2.48933286384689, 27633052.2312, 1.35320540930408
6670000, 3871853.3984, 15, 2.48029627406129, 27674543.3006, 1.34234005296404
6680000, 854384.6044, 18, 2.42000351508551, 27716034.37, 1.2997226649093
6690000, 1686167.0243, 17, 2.44095047838155, 27757525.4394, 1.30811712829122
6700000, -169698.3905, 20, 2.39091130163523, 27799016.5088, 1.26851802614303
6710000, 3601433.4214, 15, 2.47661437217486, 27840507.5782, 1.34164264281522
6720000, -924472.2494, 20, 2.36380348106695, 27881998.6477, 1.24658879781528
6730000, 581711.7573, 18, 2.41428761654872, 27923489.7171, 1.29178418095705
6740000, -304996.3565, 20, 2.38721579435458, 27964980.7865, 1.26874509338872
6750000, 277285.2422, 19, 2.40632455432009, 28006471.8559, 1.2835998496075
6760000, 4636061.855, 15, 2.4926289379341, 28047962.9253, 1.34841792211352
6770000, -360096.3922, 20, 2.38641841815582, 28089453.9947, 1.26729144439856
6780000, 1408830.701, 17, 2.43631143227713, 28130945.0642, 1.31389254265538
6790000, 2224173.4165, 17, 2.45429263592494, 28172436.1336, 1.32281617817685
6800000, 651342.1394, 18, 2.41817107379677, 28213927.203, 1.29381900773133
6810000, -416149.7245, 20, 2.38627238729861, 28255418.2724, 1.26660909439551
6820000, -514505.3921, 20, 2.38322699548783, 28296909.3418, 1.26646377560645
6830000, 2891205.4553, 15, 2.46710994299049, 28338400.4112, 1.3353555752483
6840000, 171371.1815, 19, 2.40587977209224, 28379891.4807, 1.28309586121774
6850000, 242038.1648, 19, 2.40817208395009, 28421382.5501, 1.28519842383737
6860000, 788067.9484, 18, 2.42360961684123, 28462873.6195, 1.29838787243943
6870000, 3449771.6892, 15, 2.47712249262043, 28504364.6889, 1.34182682198591
6880000, -694858.6613, 20, 2.3789954975898, 28545855.7583, 1.26076280422933
6890000, -761154.1022, 20, 2.37730079559966, 28587346.8277, 1.25709250191054
6900000, 5488087.0847, 14, 2.50455583602326, 28628837.8972, 1.3687480419828
6910000, 2256105.3848, 16, 2.45705752052102, 28670328.9666, 1.32860655678839
6920000, 3881435.6781, 15, 2.48458562336906, 28711820.036, 1.3420216243893
6930000, 1375992.1278, 17, 2.43929349412586, 28753311.1054, 1.31334005093763
6940000, 806390.4291, 18, 2.42643889624406, 28794802.1748, 1.29666810040685
6950000, 2442987.4547, 16, 2.46157432304869, 28836293.2442, 1.32867415113459
6960000, 2302116.7432, 16, 2.45907733136399, 28877784.3137, 1.32562355897365
6970000, 375119.7113, 19, 2.41570809052508, 28919275.3831, 1.29339269646901
6980000, 1452235.0023, 17, 2.44233823565595, 28960766.4525, 1.31564019036113
6990000, 2733833.9262, 16, 2.46705585260394, 29002257.5219, 1.33895125454022
7000000, -872854.7396, 20, 2.37791856751344, 29043748.5913, 1.25699928958094
7010000, 353225.3977, 19, 2.41603392494035, 29085239.6607, 1.29436211586344
7020000, 614098.8286, 18, 2.42339394115277, 29126730.7302, 1.2980922756499
7030000, 3505410.421, 15, 2.4805028386878, 29168221.7996, 1.3449348089965
7040000, 3566757.9612, 15, 2.48169532617484, 29209712.869, 1.34400279103738
7050000, -411532.9853, 20, 2.3945647605102, 29251203.9384, 1.27434927518709
7060000, 57403.8598, 19, 2.40958858597264, 29292695.0078, 1.28435475219065
7070000, 1467044.5838, 17, 2.44467505372276, 29334186.0772, 1.31577450191804
7080000, 1098646.6361, 18, 2.43698637207443, 29375677.1466, 1.30703681192903
7090000, 801289.2155, 18, 2.42983866303581, 29417168.2161, 1.30467612585167
7100000, 918990.2969, 18, 2.43311234166698, 29458659.2855, 1.30539139656739
7110000, -656936.9249, 20, 2.38946148018321, 29500150.3549, 1.26865720529957
7120000, 552779.9171, 19, 2.42484105746512, 29541641.4243, 1.29740151253486
7130000, 1542096.0553, 17, 2.44790041764269, 29583132.4937, 1.31441172959592
7140000, 1326165.1334, 17, 2.44320443178297, 29624623.5631, 1.31541599303649
7150000, -509741.1936, 20, 2.39501075973622, 29666114.6326, 1.27652348385041
7160000, 1305319.5786, 18, 2.44329850590176, 29707605.702, 1.31544009846129
7170000, 2875611.6847, 16, 2.47318377527816, 29749096.7714, 1.33606680850588
7180000, 2956604.3181, 16, 2.47444615073615, 29790587.8408, 1.33905962188416
7190000, 2950991.275, 16, 2.47447676853433, 29832078.9102, 1.34137859920355
7200000, -740471.9551, 20, 2.38932825397928, 29873569.9796, 1.27136863653663
7210000, -46812.4414, 20, 2.41104431744462, 29915061.0491, 1.29000146231652
7220000, 1787564.8888, 17, 2.4546609272091, 29956552.1185, 1.32025765207335
7230000, -2052842.4422, 20, 2.33852293684611, 29998043.1879, 1.22130826598274
7240000, 3572292.7163, 16, 2.48497830003316, 30039534.2573, 1.34537754647435
7250000, 2788479.6663, 16, 2.47311250292663, 30081025.3267, 1.33530954033206
7260000, -1383906.9784, 20, 2.36859235578029, 30122516.3961, 1.25064265809033
7270000, 2599858.1491, 16, 2.47062071748948, 30164007.4656, 1.33094349605478
7280000, 1152737.2653, 18, 2.44280986627505, 30205498.535, 1.31430901505743
7290000, 2020703.4588, 17, 2.46034629071739, 30246989.6044, 1.33127023462422
7300000, -1082426.0532, 20, 2.38191607371103, 30288480.6738, 1.25868428111422
7310000, 330442.1008, 19, 2.42400313704725, 30329971.7432, 1.30090104867636
7320000, -1159349.84, 20, 2.37875021862452, 30371462.8126, 1.26141790681369
7330000, 1233043.5826, 18, 2.44573799397689, 30412953.8821, 1.31762037684177
7340000, -170816.7693, 20, 2.411543690916, 30454444.9515, 1.28951638448252
7350000, 1543754.782, 17, 2.45265732771494, 30495936.0209, 1.31835807554454
7360000, 1255067.5331, 18, 2.44659401662997, 30537427.0903, 1.32037366053527
7370000, 125085.0438, 19, 2.4205669462739, 30578918.1597, 1.29448378414151
7380000, -679383.2632, 20, 2.39791575283509, 30620409.2291, 1.27659841198984
7390000, 5354600.7294, 14, 2.50901056165372, 30661900.2985, 1.36793272161386
7400000, 2603811.0591, 16, 2.47269893776495, 30703391.368, 1.33812811846538
7410000, -1184991.5139, 20, 2.38204813029536, 30744882.4374, 1.26181080066931
7420000, -1235479.0647, 20, 2.3809560658847, 30786373.5068, 1.25844671141748
7430000, 2743871.4638, 16, 2.47541975377539, 30827864.5762, 1.33999297647627
7440000, 1400410.3187, 17, 2.45135168726174, 30869355.6456, 1.32446065567722
7450000, 56203.2573, 19, 2.42080243818313, 30910846.715, 1.29660386171523
7460000, -176081.3397, 20, 2.41496617109111, 30952337.7845, 1.29152383727395
7470000, -356234.3767, 20, 2.41015973641406, 30993828.8539, 1.28797267036062
7480000, 2431390.4993, 16, 2.47127813251927, 31035319.9233, 1.33493771834383
7490000, -1379914.0596, 20, 2.37797683471392, 31076810.9927, 1.25682777827433
7500000, 92461.3838, 19, 2.42334927075485, 31118302.0621, 1.29761462183311
7510000, -705273.5685, 20, 2.4010745904615, 31159793.1315, 1.27911404292127
7520000, 606522.7289, 18, 2.43625436401708, 31201284.201, 1.30954650390923
7530000, 2250870.4713, 17, 2.46898259468789, 31242775.2704, 1.3349666773561
7540000, -375420.6672, 20, 2.41190793922, 31284266.3398, 1.28768037251117
7550000, -142899.4447, 20, 2.41815680038342, 31325757.4092, 1.29696074430323
7560000, 282244.1327, 19, 2.43006798276557, 31367248.4786, 1.29772236818287
7570000, -661646.1973, 20, 2.40420837205166, 31408739.548, 1.28256964196151
7580000, 960730.4405, 18, 2.44572681924594, 31450230.6175, 1.31508656465265
7590000, 797510.7623, 18, 2.44213373328932, 31491721.6869, 1.31604112326062
7600000, 742394.8678, 19, 2.44148467665551, 31533212.7563, 1.31221156103215
7610000, 674090.6548, 18, 2.44022310352891, 31574703.8257, 1.30883435783364
7620000, -703366.6344, 20, 2.40472563847104, 31616194.8951, 1.28413130994341
7630000, -967011.8474, 20, 2.3975544972524, 31657685.9645, 1.27608695396735
7640000, -1381276.3259, 20, 2.38370299955867, 31699177.034, 1.26557366692127
7650000, -1437813.6934, 20, 2.38195312296253, 31740668.1034, 1.26441844009112
7660000, -223170.1918, 20, 2.41939875200744, 31782159.1728, 1.29767343797694
7670000, 2970321.3817, 16, 2.48279991682497, 31823650.2422, 1.34690440298788
7680000, -1020638.2895, 20, 2.39730493430338, 31865141.3116, 1.27647700399458
7690000, 3748189.2957, 15, 2.49359480740138, 31906632.381, 1.35733469506693
7700000, 1287464.8201, 18, 2.45508316944281, 31948123.4504, 1.3225204848238
7710000, -1365934.7009, 20, 2.3871603801518, 31989614.5199, 1.26325212230933
7720000, 625210.6213, 19, 2.44165565646064, 32031105.5893, 1.31138606756044
7730000, -2514039.575, 20, 2.34280262844069, 32072596.6587, 1.22614024049888
7740000, -660507.2355, 20, 2.40969591849983, 32114087.7281, 1.2873338789896
7750000, -2099672.8022, 20, 2.36115171670557, 32155578.7975, 1.24296452301949
7760000, -2183275.8376, 20, 2.35816427926086, 32197069.8669, 1.23848146788533
7770000, 553495.7163, 19, 2.44117453236633, 32238560.9364, 1.31164495350549
7780000, -541504.5995, 20, 2.41434425259056, 32280052.0058, 1.29075273722006
7790000, 155748.5189, 19, 2.43265165006822, 32321543.0752, 1.30491048626622
7800000, -185365.5228, 20, 2.42436951753112, 32363034.1446, 1.3020505659888
7810000, -1879423.4972, 20, 2.37246768525756, 32404525.214, 1.25481772728153
7820000, 1215119.1572, 18, 2.45588341337431, 32446016.2834, 1.32691117708425
7830000, -821467.2139, 20, 2.40809469567378, 32487507.3529, 1.28372519634313
7840000, -1096256.3121, 20, 2.3998064196287, 32528998.4223, 1.27774902029188
7850000, 4439125.8065, 15, 2.50443692276907, 32570489.4917, 1.36134959434192
7860000, -486965.4755, 20, 2.41784374661209, 32611980.5611, 1.29820205177759
7870000, -617693.8754, 20, 2.4150609234612, 32653471.6305, 1.29025714309625
7880000, 597225.3226, 19, 2.44450822150031, 32694962.6999, 1.31647858154582
7890000, -643864.5556, 20, 2.41512847690749, 32736453.7694, 1.28504367620012
7900000, -55819.9491, 20, 2.43027796187871, 32777944.8388, 1.30515864691804
7910000, 326217.2327, 19, 2.43968949708682, 32819435.9082, 1.30893974492882
7920000, -1879632.1544, 20, 2.37676333241737, 32860926.9776, 1.2612148044854
7930000, -601955.8264, 20, 2.41713669541095, 32902418.047, 1.29239241043955
7940000, 447540.1963, 19, 2.4427077057778, 32943909.1164, 1.31328118299367
7950000, 42809.9662, 19, 2.43398655678869, 32985400.1859, 1.30550397286765
7960000, -180500.978, 20, 2.42875049386822, 33026891.2553, 1.29996360982203
7970000, 1723588.9926, 18, 2.46813825325129, 33068382.3247, 1.33569545174106
7980000, -922130.6002, 20, 2.40954039145, 33109873.3941, 1.28955775692095
7990000, -14931.511, 20, 2.43368650719846, 33151364.4635, 1.30531465938182
8000000, 3230813.4436, 16, 2.49143583133881, 33192855.5329, 1.35166793390588
8010000, -1871918.8746, 20, 2.38085445738547, 33234346.6024, 1.25945070301111
8020000, -1047650.9261, 20, 2.40751500788209, 33275837.6718, 1.2817316490196
8030000, 1307570.8367, 18, 2.46212213574711, 33317328.7412, 1.3249869345617
8040000, -661518.3561, 20, 2.4185718464868, 33358819.8106, 1.29339798015114
8050000, -1942523.8356, 20, 2.37926227249738, 33400310.88, 1.25805155531889
8060000, 550994.5968, 19, 2.44808212504572, 33441801.9494, 1.31410158072542
8070000, 3784921.464, 16, 2.49953848758609, 33483293.0188, 1.35597377229898
8080000, 3500772.827, 16, 2.49605670220121, 33524784.0883, 1.3556756588614
8090000, -1034088.0022, 20, 2.40973132804846, 33566275.1577, 1.28554485891767
8100000, -1130839.956, 20, 2.40763644075897, 33607766.2271, 1.28362800819331
8110000, -402524.497, 20, 2.42695377686729, 33649257.2965, 1.30458192278929
8120000, -726186.1715, 20, 2.4192584609125, 33690748.3659, 1.29531023129301
8130000, -2457047.1272, 20, 2.36318183346531, 33732239.4353, 1.24498713838763
8140000, -949370.1858, 20, 2.4139570736831, 33773730.5048, 1.287194836909
8150000, 1062907.4921, 18, 2.45981027663981, 33815221.5742, 1.32817191481418
8160000, 2255864.6215, 17, 2.47975563680766, 33856712.6436, 1.3480791923005
8170000, -598640.8992, 20, 2.42392021968962, 33898203.713, 1.30000909058578
8180000, -393891.1157, 20, 2.42907484757753, 33939694.7824, 1.30352227877705
8190000, 274637.8251, 19, 2.44506167268934, 33981185.8518, 1.31581580103738
8200000, -1833603.1373, 20, 2.38876840878774, 34022676.9213, 1.2716385157951
8210000, 2816946.6568, 17, 2.48883175831468, 34064167.9907, 1.34916996840914
8220000, -1328441.0937, 20, 2.40517625655482, 34105659.0601, 1.28389514744136
8230000, 824867.664, 18, 2.45653233217832, 34147150.1295, 1.32877803932589
8240000, -920304.9973, 20, 2.41766945525942, 34188641.1989, 1.29146799224024
8250000, 3587483.457, 16, 2.49947102016513, 34230132.2683, 1.35614083669995
8260000, -1912733.5839, 20, 2.38833800041677, 34271623.3378, 1.26578706017472
8270000, -186406.6558, 20, 2.43661021241451, 34313114.4072, 1.30754062300968
8280000, -5301780.0908, 20, 2.19862744729487, 34354605.4766, 1.05991525075736
8290000, 171045.7229, 19, 2.44518529342013, 34396096.546, 1.31221568884172
8300000, 107506.5495, 19, 2.4438999418399, 34437587.6154, 1.31470977979065
8310000, 330574.9889, 19, 2.44879763735726, 34479078.6848, 1.31606809080089
8320000, -2146958.4672, 20, 2.38247076666238, 34520569.7543, 1.26074724061866
8330000, 1424911.7089, 18, 2.46959739425261, 34562060.8237, 1.33687359998671
8340000, -1954434.2125, 20, 2.39011149646111, 34603551.8931, 1.26952670682256
8350000, 457417.5094, 19, 2.45221696907495, 34645042.9625, 1.32080744763636
8360000, -2334363.8753, 20, 2.37756457505151, 34686534.0319, 1.25603536994628
8370000, 1573756.4872, 18, 2.4729933808496, 34728025.1013, 1.33156673019687
8380000, -947377.9525, 20, 2.4207388929623, 34769516.1707, 1.29704445461966
8390000, 1729155.689, 17, 2.47571112495124, 34811007.2402, 1.33838080270252
8400000, -1225866.8033, 20, 2.41403971942659, 34852498.3096, 1.28777529190285
8410000, -2342400.9993, 20, 2.37905918601292, 34893989.379, 1.25972703351758
8420000, 1512238.0801, 18, 2.47265490518225, 34935480.4484, 1.33857218104737
8430000, 218121.8876, 19, 2.44898267377301, 34976971.5178, 1.32215889612019
8440000, 1288605.3599, 18, 2.46926102633065, 35018462.5872, 1.33498888817642
8450000, 974141.9646, 18, 2.46394197067621, 35059953.6567, 1.33027514129487
8460000, -1237080.7839, 20, 2.41538584000151, 35101444.7261, 1.29384985378983
8470000, -251733.3352, 20, 2.44035077302954, 35142935.7955, 1.30815369178613
8480000, -434536.115, 20, 2.43611890642135, 35184426.8649, 1.30921805013629
8490000, 949925.6255, 18, 2.46445113573627, 35225917.9343, 1.33195941622525
8500000, -2402489.5833, 20, 2.3800809392508, 35267409.0037, 1.25893948044948
8510000, 688823.9903, 19, 2.46001388827686, 35308900.0732, 1.3293131181215
8520000, 9459.3965, 19, 2.44682461042656, 35350391.1426, 1.31794804603667
8530000, -1582946.0534, 20, 2.40776501359881, 35391882.212, 1.28525156308886
8540000, -743684.9788, 20, 2.43018912209806, 35433373.2814, 1.3045386398773
8550000, -3021000.4764, 20, 2.35887915299203, 35474864.3508, 1.24084681810322
8560000, 716890.7681, 19, 2.46140498989359, 35516355.4202, 1.32887464858948
8570000, 939485.3384, 18, 2.46585249047103, 35557846.4897, 1.3293687748519
8580000, 548707.8014, 19, 2.45885693170754, 35599337.5591, 1.32531758611249
8590000, -1770523.965, 20, 2.4040597173146, 35640828.6285, 1.28073851407237
8600000, 2312670.4982, 17, 2.48774038503096, 35682319.6979, 1.34841976689826
8610000, -2983633.9426, 20, 2.36315114460618, 35723810.7673, 1.24396786886396
8620000, -3543135.3486, 20, 2.33978968120639, 35765301.8367, 1.22406284943357
8630000, 1007042.9939, 18, 2.46789504228603, 35806792.9062, 1.33779470266745
8640000, -2045475.8781, 20, 2.39714410805219, 35848283.9756, 1.27695613674076
8650000, -1339852.6886, 20, 2.4180180708836, 35889775.045, 1.29292659827806
8660000, 1109853.5092, 18, 2.47039353839933, 35931266.1144, 1.33055960532242
8670000, -1894312.0708, 20, 2.40282281234459, 35972757.1838, 1.27963686788825
8680000, -704308.7873, 20, 2.43472260912274, 36014248.2532, 1.31008862774552
8690000, -2483861.9692, 20, 2.38470313056433, 36055739.3227, 1.26250270789843
8700000, -387205.4194, 20, 2.44250204682516, 36097230.3921, 1.31474773685856
8710000, 638974.7271, 19, 2.46306438361768, 36138721.4615, 1.32949433424347
8720000, -1731270.1398, 20, 2.40920881920712, 36180212.5309, 1.28494250201525
8730000, -1084861.9385, 20, 2.42725012886655, 36221703.6003, 1.29435093967742
8740000, -3107434.1153, 20, 2.36321096905717, 36263194.6697, 1.24639338796376
8750000, -3392871.8174, 20, 2.3524275634173, 36304685.7391, 1.23710453988583
8760000, -950103.8169, 20, 2.43070114159597, 36346176.8086, 1.30439944460896
8770000, -3107006.4778, 20, 2.36476669510399, 36387667.878, 1.24863833662449
8780000, -1749096.0229, 20, 2.41053295522811, 36429158.9474, 1.2885569844077
8790000, -1749612.4769, 20, 2.4107140743792, 36470650.0168, 1.29064303932384
8800000, -2651436.0906, 20, 2.38300573739084, 36512141.0862, 1.26201624206905
8810000, 1433035.0368, 18, 2.47815180521925, 36553632.1556, 1.34085777393308
8820000, 488256.5722, 19, 2.4626202472147, 36595123.2251, 1.3268125857766
8830000, -2573313.4347, 20, 2.38663015716055, 36636614.2945, 1.26804291648941
8840000, -1365403.3523, 20, 2.42249556650855, 36678105.3639, 1.29994905189
8850000, -2038179.1271, 20, 2.40441206002442, 36719596.4333, 1.27917877033071
8860000, -2154959.639, 20, 2.40150047129437, 36761087.5027, 1.27638602373763
8870000, -642330.1351, 20, 2.44084276404942, 36802578.5721, 1.31211394911608
8880000, -2342909.9497, 20, 2.39616121582933, 36844069.6416, 1.27205911539132
8890000, 337905.7036, 19, 2.4610410571539, 36885560.711, 1.32855268966702
8900000, -1569647.1578, 20, 2.41884914938702, 36927051.7804, 1.29721858267328
8910000, -975896.2887, 20, 2.43409412821393, 36968542.8498, 1.30747910264128
8920000, -2347378.3556, 20, 2.39735378366957, 37010033.9192, 1.27655930050493
8930000, 3279486.5433, 17, 2.50442518198894, 37051524.9886, 1.36289174833657
8940000, -3557982.2774, 20, 2.35363402058072, 37093016.0581, 1.23120840474303
8950000, -2589476.9575, 20, 2.39028577334393, 37134507.1275, 1.27243249427549
8960000, -763322.1703, 20, 2.44053223839966, 37175998.1969, 1.31095139473592
8970000, -556544.1222, 20, 2.44501978206535, 37217489.2663, 1.31742440689498
8980000, -220469.8227, 20, 2.45211998466693, 37258980.3357, 1.32246264867907
8990000, 667116.2746, 19, 2.46875766339435, 37300471.4051, 1.33421897879444
9000000, -588515.4588, 20, 2.44484965920901, 37341962.4746, 1.31870421685931
9010000, 868800.4098, 18, 2.47250279749652, 37383453.544, 1.33790535886122
9020000, -1634557.0585, 20, 2.42106320558459, 37424944.6134, 1.29437501813485
9030000, 1170139.5646, 18, 2.47809596384412, 37466435.6828, 1.33395203665838
9040000, -2983116.9125, 20, 2.38017486526091, 37507926.7522, 1.26093541506011
9050000, -498628.6029, 20, 2.44806689632013, 37549417.8216, 1.31737295796427
9060000, -2679932.7066, 20, 2.39121847267385, 37590908.891, 1.27002215165668
9070000, -351111.4305, 20, 2.45144850386664, 37632399.9605, 1.3206181104093
9080000, -2245528.3321, 20, 2.40585402981906, 37673891.0299, 1.28025793900767
9090000, 1447409.7998, 18, 2.48266318653129, 37715382.0993, 1.3463087498774
9100000, -2582955.7786, 20, 2.39540573806215, 37756873.1687, 1.27856332142703
9110000, -3490557.7649, 20, 2.36412844555565, 37798364.2381, 1.24469541836087
9120000, 280853.1443, 19, 2.46443526159063, 37839855.3075, 1.33279973106596
9130000, -2228474.2105, 20, 2.40758740947488, 37881346.377, 1.28264602653383
9140000, -1372798.7816, 20, 2.43019345943282, 37922837.4464, 1.30763710079456
9150000, 1794276.9769, 18, 2.48866620476858, 37964328.5158, 1.35321577815713
9160000, -1188157.7234, 20, 2.43546868066595, 38005819.5852, 1.30874074224216
9170000, -905859.4303, 20, 2.4420655922901, 38047310.6546, 1.3145583944186
9180000, 421855.3719, 19, 2.46800511539345, 38088801.724, 1.33515855224577
9190000, -1728087.2008, 20, 2.42324036111361, 38130292.7935, 1.29755765867857
9200000, -1905451.9336, 20, 2.41855580656165, 38171783.8629, 1.29361496024585
9210000, 103797.4257, 19, 2.46320018694895, 38213274.9323, 1.32735131614024
9220000, -1723349.7213, 20, 2.42393015948977, 38254766.0017, 1.30166300954591
9230000, -3726016.7173, 20, 2.3589441445329, 38296257.0711, 1.24162667834137
9240000, -3738291.4814, 20, 2.35943402755472, 38337748.1405, 1.24326229227323
9250000, -3774362.9398, 20, 2.3586462395302, 38379239.21, 1.24142660628101
9260000, -2285366.4116, 20, 2.41038840342933, 38420730.2794, 1.28333647725265
9270000, 2569196.5238, 17, 2.50059852607439, 38462221.3488, 1.35229606918566
9280000, 1011559.0872, 18, 2.47947007795955, 38503712.4182, 1.33981008074045
9290000, -604710.2469, 20, 2.45126552304097, 38545203.4876, 1.31926304426842
9300000, -1516490.5185, 20, 2.43152626916855, 38586694.557, 1.30031551913578
9310000, -2275704.0446, 20, 2.41166475875124, 38628185.6265, 1.29134566457526
9320000, 248944.1248, 19, 2.46746002384841, 38669676.6959, 1.33794624024182
9330000, -1578469.2495, 20, 2.43060022266755, 38711167.7653, 1.30094539324518
9340000, -1491395.702, 20, 2.4328163327643, 38752658.8347, 1.3053949146151
9350000, -1758246.8215, 20, 2.42676523877876, 38794149.9041, 1.30016303945629
9360000, -1241804.2018, 20, 2.4395966506535, 38835640.9735, 1.30463826884534
9370000, -3227692.1851, 20, 2.38416175171901, 38877132.043, 1.26441909263396
9380000, 201230.264, 19, 2.46775890340074, 38918623.1124, 1.33497581097442
9390000, 1235923.5612, 18, 2.48427933877775, 38960114.1818, 1.34718353865579
9400000, -2390971.9268, 20, 2.41108236540246, 39001605.2512, 1.29010702160305
9410000, 390662.4744, 19, 2.47142184439255, 39043096.3206, 1.33933295144168
9420000, -2488927.5619, 20, 2.40893934371216, 39084587.39, 1.28840194154275
9430000, -3119470.4117, 20, 2.38992539847898, 39126078.4594, 1.27009230400542
9440000, -1527003.9987, 20, 2.43440420368067, 39167569.5289, 1.30884597072545
9450000, -4452956.2102, 20, 2.33792375883392, 39209060.5983, 1.22100345810503
9460000, -2516336.3656, 20, 2.40966956667529, 39250551.6677, 1.28533352873405
9470000, -842219.2753, 20, 2.45024958883187, 39292042.7371, 1.32092120878741
9480000, -762057.2509, 20, 2.45199845669433, 39333533.8065, 1.32070162065419
9490000, -3546477.4398, 20, 2.37711445102301, 39375024.8759, 1.25697542011166
9500000, -3749669.5773, 20, 2.37047456337658, 39416515.9454, 1.25364455144524
9510000, -309307.4247, 20, 2.46143206190407, 39458007.0148, 1.3297227145026
9520000, -1565657.1346, 20, 2.43558975014132, 39499498.0842, 1.31039174430356
9530000, -2613163.6051, 20, 2.40902290474208, 39540989.1536, 1.28480129748195
9540000, -1931547.2961, 20, 2.42755078661222, 39582480.223, 1.30026668456604
9550000, -1350073.4532, 20, 2.44142924820994, 39623971.2924, 1.31056164207726
9560000, -400769.202, 20, 2.46060551997891, 39665462.3619, 1.32987763798151
9570000, -2583646.5737, 20, 2.41105673564065, 39706953.4313, 1.28750064225606
9580000, -257529.2305, 20, 2.46351630605963, 39748444.5007, 1.33197535262553
9590000, 2064301.2045, 17, 2.49837671799244, 39789935.5701, 1.35482575319291
9600000, -364199.823, 20, 2.46247131159907, 39831426.6395, 1.32309601066924
9610000, -711439.6191, 20, 2.4563111930994, 39872917.7089, 1.31787044540843
9620000, -2920225.7436, 20, 2.40272071853222, 39914408.7784, 1.2808117191833
9630000, -2272274.3752, 20, 2.42143911985577, 39955899.8478, 1.29620911512284
9640000, -4174385.9867, 20, 2.35964526558155, 39997390.9172, 1.24028251168178
9650000, -4634228.6014, 20, 2.33990757262628, 40038881.9866, 1.22432381286117
9660000, -600069.0942, 20, 2.4590538834474, 40080373.056, 1.32490612167335
9670000, -801026.0802, 20, 2.45541845555612, 40121864.1254, 1.31840376025323
9680000, -2680610.6261, 20, 2.41149118362069, 40163355.1949, 1.29059194119852
9690000, -4116048.8685, 20, 2.3644735111827, 40204846.2643, 1.24291146801631
9700000, -204463.7327, 20, 2.46709391301223, 40246337.3337, 1.33006433499455
9710000, -884847.0161, 20, 2.45468507848045, 40287828.4031, 1.31948576664164
9720000, -2017421.7033, 20, 2.43015085689809, 40329319.4725, 1.30431083460192
9730000, -1095412.7927, 20, 2.45087275320207, 40370810.5419, 1.31631613180354
9740000, -1000571.4476, 20, 2.45300237694595, 40412301.6113, 1.32171293476354
9750000, -2448462.8868, 20, 2.41975905457968, 40453792.6808, 1.29706274714676
9760000, -3098426.2671, 20, 2.40218977599851, 40495283.7502, 1.27666440981286
9770000, -1048680.9312, 20, 2.45290174367183, 40536774.8196, 1.31849725390752
9780000, -325431.7697, 20, 2.46623525476372, 40578265.889, 1.33273904637597
9790000, -1595360.6209, 20, 2.44159125770402, 40619756.9584, 1.31319363764356
9800000, -2818395.2008, 20, 2.41087598021894, 40661248.0278, 1.28983437019801
9810000, -3188602.3588, 20, 2.40053998827644, 40702739.0973, 1.28010482723652
9820000, -3734716.9488, 20, 2.38299524697423, 40744230.1667, 1.26486983182508
9830000, -3035932.2936, 20, 2.40606063357811, 40785721.2361, 1.28104196809366
9840000, -3701653.7263, 20, 2.3848170956502, 40827212.3055, 1.26461813124874
9850000, -1284506.9225, 20, 2.44987224188102, 40868703.3749, 1.31782200329057
9860000, -3035806.1929, 20, 2.40718013218091, 40910194.4443, 1.2823277386083
9870000, -1813300.4012, 20, 2.43878517192949, 40951685.5138, 1.30968591746804
9880000, 885511.7258, 19, 2.48686494696762, 40993176.5832, 1.35006288306088
9890000, -2199252.0213, 20, 2.43003598163021, 41034667.6526, 1.30203449769311
9900000, -1734258.8262, 20, 2.44090634340625, 41076158.722, 1.31375721570166
9910000, -509894.7212, 20, 2.46558829873266, 41117649.7914, 1.3304622465763
9920000, -1449816.669, 20, 2.44766445728744, 41159140.8608, 1.3161580707292
9930000, -784903.0288, 20, 2.46093469997481, 41200631.9303, 1.32682809865704
9940000, 1000085.0126, 18, 2.48948321582266, 41242122.9997, 1.3468981198813
9950000, 1572595.9511, 18, 2.49709728973697, 41283614.0691, 1.35602733304165
9960000, -2363022.5901, 20, 2.42766071892312, 41325105.1385, 1.30281266083837
9970000, -4567411.9754, 20, 2.35773608192754, 41366596.2079, 1.23997898987525
9980000, -1541161.9081, 20, 2.44726895026246, 41408087.2773, 1.31795118671912
9990000, -4260448.5108, 20, 2.37063612805898, 41449578.3468, 1.25501050678009
10000000, -2932856.0224, 20, 2.41402078296224, 41491069.4162, 1.29014960995484
10010000, 3259050.1108, 17, 2.51658434996428, 41532560.4856, 1.37010746653643
10020000, -1730571.5336, 20, 2.44409071094418, 41574051.555, 1.31181822012993
10030000, -200165.9029, 20, 2.47292589656489, 41615542.6244, 1.33644996629239
10040000, -2772295.8384, 20, 2.41951638564963, 41657033.6938, 1.29367661453867
10050000, -2574061.7838, 20, 2.42534753922595, 41698524.7632, 1.29701361027595
10060000, -720232.6539, 20, 2.46477337204295, 41740015.8327, 1.33164881495369
10070000, -2315498.4912, 20, 2.43216919178774, 41781506.9021, 1.30355119638157
10080000, -303738.2969, 20, 2.47223209364195, 41822997.9715, 1.33537513804829
10090000, -1621172.9394, 20, 2.44792216806452, 41864489.0409, 1.31752296052657
10100000, -982659.779, 20, 2.46066581399228, 41905980.1103, 1.32959459518766
10110000, -2988351.3237, 20, 2.41590802111844, 41947471.1797, 1.29025231231632
10120000, -3831357.939, 20, 2.39137576144704, 41988962.2492, 1.26581481221
10130000, -2398690.4725, 20, 2.43138034056368, 42030453.3186, 1.30713514627182
10140000, -2960156.4923, 20, 2.41747831665677, 42071944.388, 1.29265942468855
10150000, -2479236.5741, 20, 2.42978484337176, 42113435.4574, 1.30704240525745
10160000, -3888974.6945, 20, 2.39043524065554, 42154926.5268, 1.26850367508692
10170000, -2936195.1726, 20, 2.41926174558272, 42196417.5962, 1.29407108675938
10180000, -1791715.1868, 20, 2.44659026742655, 42237908.6657, 1.31278916738512
10190000, -1842424.92, 20, 2.44561244335196, 42279399.7351, 1.31418837475706
10200000, -4012797.6521, 20, 2.3874961069352, 42320890.8045, 1.26746109807047
10210000, -3604006.0402, 20, 2.40123923161981, 42362381.8739, 1.28112295151059
10220000, -1075493.0407, 20, 2.46145708113315, 42403872.9433, 1.32790624984551
10230000, -3720631.4085, 20, 2.39841879670392, 42445364.0127, 1.27696209469724
10240000, -3512856.2704, 20, 2.40461231029131, 42486855.0822, 1.28365743361718
10250000, -3752043.8259, 20, 2.39777355762349, 42528346.1516, 1.2770611557382
10260000, -4860335.0018, 20, 2.35843964673798, 42569837.221, 1.23945491282609
10270000, -4030124.8119, 20, 2.38974281754732, 42611328.2904, 1.26757367890557
10280000, 392231.0632, 19, 2.48613923893795, 42652819.3598, 1.34406376348623
10290000, -2560343.5891, 20, 2.4316399785823, 42694310.4292, 1.30190979929854
10300000, -1818594.8206, 20, 2.44847814005317, 42735801.4987, 1.31872322472587
10310000, -2508567.9034, 20, 2.43349701541295, 42777292.5681, 1.30715430672394
10320000, -2982082.0228, 20, 2.42197192779036, 42818783.6375, 1.29578532308816
10330000, -4804095.0416, 20, 2.36376569486734, 42860274.7069, 1.24826125621736
10340000, -3684599.2675, 20, 2.40280826899746, 42901765.7763, 1.27898077630092
10350000, -368353.6718, 20, 2.47592511891773, 42943256.8457, 1.33475780241266
10360000, -4883035.8131, 20, 2.36226710714278, 42984747.9152, 1.24485603519108
10370000, -2592438.8492, 20, 2.43309979445079, 43026238.9846, 1.30573029718854
10380000, -2820661.836, 20, 2.42780810847644, 43067730.054, 1.30175163209837
10390000, -4362790.6614, 20, 2.38271872514172, 43109221.1234, 1.26214446166062
10400000, -1205583.9551, 20, 2.46258970004258, 43150712.1928, 1.3277844882622
10410000, -2301097.5396, 20, 2.44090338497063, 43192203.2622, 1.30970902358454
10420000, -3742046.602, 20, 2.40381714424288, 43233694.3316, 1.27834252522517
10430000, 487489.591, 19, 2.48955740242967, 43275185.4011, 1.3506724408589
10440000, -2737769.0384, 20, 2.43127660406568, 43316676.4705, 1.30442028793889
10450000, -937288.8681, 20, 2.46794750449821, 43358167.5399, 1.33529919749796
10460000, -2784516.5329, 20, 2.43050727630473, 43399658.6093, 1.3076944314633
10470000, -757069.2344, 20, 2.47144103631485, 43441149.6787, 1.336841200377
10480000, -4419648.5209, 20, 2.38431305477832, 43482640.7481, 1.26468707754874
10490000, -4182160.8661, 20, 2.39240643225046, 43524131.8176, 1.26945149559727
